{
  "methods": [
    {
      "method": "ours",
      "sys_accuracy": 0.95,
      "sys_macro_f1": 0.9492419248516809,
      "mod_top1_accuracy": 0.0,
      "fit_time_sec": 0.12700104713439941,
      "infer_ms_per_sample": 0.33073723316192627,
      "n_rules": 48,
      "n_params": 68,
      "n_features_used": 22,
      "confusion_matrix": [
        [
          20,
          0,
          0,
          0
        ],
        [
          1,
          19,
          0,
          0
        ],
        [
          0,
          2,
          17,
          1
        ],
        [
          0,
          0,
          0,
          20
        ]
      ],
      "sys_pred": [
        2,
        1,
        3,
        3,
        1,
        1,
        1,
        0,
        1,
        3,
        3,
        0,
        3,
        1,
        0,
        3,
        1,
        0,
        0,
        0,
        2,
        1,
        2,
        0,
        1,
        0,
        0,
        0,
        3,
        0,
        1,
        2,
        0,
        1,
        3,
        2,
        3,
        1,
        3,
        3,
        3,
        0,
        0,
        2,
        3,
        2,
        1,
        1,
        1,
        2,
        3,
        1,
        3,
        2,
        1,
        2,
        3,
        3,
        0,
        3,
        0,
        0,
        2,
        1,
        0,
        2,
        3,
        2,
        2,
        0,
        0,
        1,
        3,
        2,
        0,
        1,
        2,
        3,
        1,
        2
      ],
      "sys_proba": [
        [
          0.024761904761904763,
          0.16607142857142856,
          0.8091666666666666,
          0.0
        ],
        [
          0.033761904761904764,
          0.7286904761904762,
          0.22221428571428573,
          0.015333333333333332
        ],
        [
          0.03,
          0.01561111111111111,
          0.08371825396825397,
          0.870670634920635
        ],
        [
          0.005,
          0.041333333333333326,
          0.2005238095238095,
          0.7531428571428571
        ],
        [
          0.029166666666666664,
          0.8899047619047619,
          0.07692857142857143,
          0.004
        ],
        [
          0.013761904761904762,
          0.8881428571428571,
          0.08776190476190475,
          0.010333333333333332
        ],
        [
          0.0,
          0.9283333333333335,
          0.07166666666666666,
          0.0
        ],
        [
          0.9899999999999999,
          0.01,
          0.0,
          0.0
        ],
        [
          0.20935714285714288,
          0.574517316017316,
          0.2118398268398268,
          0.004285714285714285
        ],
        [
          0.06208333333333333,
          0.08976190476190476,
          0.2235714285714286,
          0.6245833333333334
        ],
        [
          0.0,
          0.06983333333333334,
          0.15791666666666665,
          0.7722500000000001
        ],
        [
          0.94,
          0.008,
          0.032,
          0.02
        ],
        [
          0.0016666666666666666,
          0.22173015873015878,
          0.10981349206349206,
          0.6667896825396825
        ],
        [
          0.03997619047619048,
          0.5174935064935064,
          0.437530303030303,
          0.005
        ],
        [
          0.9233333333333335,
          0.02083333333333333,
          0.0525,
          0.003333333333333333
        ],
        [
          0.0016666666666666666,
          0.038,
          0.14658333333333334,
          0.81375
        ],
        [
          0.013761904761904762,
          0.8364761904761905,
          0.14442857142857143,
          0.005333333333333333
        ],
        [
          0.98,
          0.006666666666666666,
          0.01,
          0.003333333333333333
        ],
        [
          0.9933333333333333,
          0.006666666666666666,
          0.0,
          0.0
        ],
        [
          0.985,
          0.01,
          0.005,
          0.0
        ],
        [
          0.03833333333333333,
          0.33692857142857136,
          0.6247380952380953,
          0.0
        ],
        [
          0.0,
          0.9943333333333334,
          0.005666666666666666,
          0.0
        ],
        [
          0.006500000000000001,
          0.03166666666666667,
          0.9398333333333333,
          0.022000000000000002
        ],
        [
          0.9683333333333334,
          0.016666666666666666,
          0.015,
          0.0
        ],
        [
          0.0,
          0.9916666666666666,
          0.008333333333333333,
          0.0
        ],
        [
          0.8507142857142855,
          0.05595238095238095,
          0.09333333333333332,
          0.0
        ],
        [
          0.9316666666666665,
          0.02333333333333333,
          0.03,
          0.015
        ],
        [
          0.8011904761904762,
          0.0488095238095238,
          0.11966666666666669,
          0.030333333333333334
        ],
        [
          0.0475,
          0.03933333333333333,
          0.2363214285714286,
          0.676845238095238
        ],
        [
          0.8678333333333333,
          0.04416666666666666,
          0.08800000000000001,
          0.0
        ],
        [
          0.0,
          1.0,
          0.0,
          0.0
        ],
        [
          0.3048333333333333,
          0.09756493506493506,
          0.5326017316017316,
          0.065
        ],
        [
          0.9086190476190475,
          0.042666666666666665,
          0.04871428571428571,
          0.0
        ],
        [
          0.006428571428571428,
          0.9845714285714285,
          0.009000000000000001,
          0.0
        ],
        [
          0.0,
          0.04511904761904761,
          0.13206349206349205,
          0.8228174603174603
        ],
        [
          0.006857142857142857,
          0.03497619047619047,
          0.7703214285714285,
          0.1878452380952381
        ],
        [
          0.0016666666666666666,
          0.09494444444444446,
          0.14006349206349206,
          0.7633253968253968
        ],
        [
          0.0025,
          0.34842521367521373,
          0.32798748473748474,
          0.3210873015873016
        ],
        [
          0.0,
          0.1657857142857143,
          0.05061111111111111,
          0.7836031746031746
        ],
        [
          0.01,
          0.011785714285714287,
          0.041333333333333326,
          0.9368809523809523
        ],
        [
          0.0,
          0.02033333333333333,
          0.025999999999999995,
          0.9536666666666668
        ],
        [
          0.9966666666666667,
          0.003333333333333333,
          0.0,
          0.0
        ],
        [
          0.9340952380952381,
          0.03257142857142857,
          0.028333333333333335,
          0.005
        ],
        [
          0.0,
          0.029500000000000002,
          0.7234523809523807,
          0.24704761904761902
        ],
        [
          0.0,
          0.04592857142857144,
          0.13323809523809527,
          0.8208333333333333
        ],
        [
          0.02208333333333333,
          0.0175,
          0.7991666666666666,
          0.16125
        ],
        [
          0.008761904761904762,
          0.8914761904761904,
          0.09476190476190477,
          0.005
        ],
        [
          0.0,
          1.0,
          0.0,
          0.0
        ],
        [
          0.04576190476190476,
          0.8418030303030303,
          0.11243506493506493,
          0.0
        ],
        [
          0.03833333333333333,
          0.04416666666666667,
          0.9125000000000001,
          0.005
        ],
        [
          0.0016666666666666666,
          0.042166666666666665,
          0.15289285714285714,
          0.8032738095238094
        ],
        [
          0.0,
          1.0,
          0.0,
          0.0
        ],
        [
          0.01,
          0.09569444444444444,
          0.4173373015873017,
          0.476968253968254
        ],
        [
          0.04466666666666667,
          0.021166666666666667,
          0.9308333333333333,
          0.003333333333333333
        ],
        [
          0.0125,
          0.9860714285714286,
          0.0014285714285714286,
          0.0
        ],
        [
          0.08,
          0.004,
          0.9109999999999999,
          0.005
        ],
        [
          0.005,
          0.02892857142857143,
          0.035416666666666666,
          0.9306547619047619
        ],
        [
          0.01,
          0.037000000000000005,
          0.1074047619047619,
          0.8455952380952381
        ],
        [
          0.7990952380952381,
          0.1434047619047619,
          0.0325,
          0.025
        ],
        [
          0.005416666666666666,
          0.18502777777777776,
          0.1371388888888889,
          0.6724166666666668
        ],
        [
          0.9716666666666666,
          0.0,
          0.025,
          0.003333333333333333
        ],
        [
          0.8708333333333332,
          0.025833333333333333,
          0.05833333333333334,
          0.04499999999999999
        ],
        [
          0.023333333333333334,
          0.019999999999999997,
          0.9291666666666667,
          0.0275
        ],
        [
          0.0,
          0.9516666666666667,
          0.04833333333333333,
          0.0
        ],
        [
          0.47692857142857137,
          0.34789826839826843,
          0.1751731601731602,
          0.0
        ],
        [
          0.01726190476190476,
          0.020952380952380948,
          0.9167857142857142,
          0.045
        ],
        [
          0.0016666666666666666,
          0.26173015873015876,
          0.09330555555555554,
          0.6432976190476193
        ],
        [
          0.0075,
          0.08983333333333332,
          0.6443571428571429,
          0.25830952380952377
        ],
        [
          0.02,
          0.0185,
          0.9564999999999999,
          0.005
        ],
        [
          0.9666666666666667,
          0.01,
          0.01,
          0.013333333333333332
        ],
        [
          0.8778333333333334,
          0.059452380952380944,
          0.06271428571428571,
          0.0
        ],
        [
          0.0,
          0.996,
          0.004,
          0.0
        ],
        [
          0.01,
          0.044,
          0.12075,
          0.82525
        ],
        [
          0.0675,
          0.03988095238095238,
          0.7619444444444444,
          0.1306746031746032
        ],
        [
          0.9461190476190475,
          0.023166666666666665,
          0.03071428571428571,
          0.0
        ],
        [
          0.09935714285714287,
          0.4336904761904762,
          0.4324523809523809,
          0.034499999999999996
        ],
        [
          0.030833333333333334,
          0.021666666666666664,
          0.9434999999999999,
          0.004
        ],
        [
          0.0,
          0.03883333333333333,
          0.017619047619047618,
          0.9435476190476192
        ],
        [
          0.0,
          0.9943333333333334,
          0.005666666666666666,
          0.0
        ],
        [
          0.002857142857142857,
          0.0633095238095238,
          0.7311666666666666,
          0.20266666666666666
        ]
      ],
      "features_used": [
        "X1",
        "X2",
        "X3",
        "X4",
        "X5",
        "X6",
        "X7",
        "X8",
        "X9",
        "X10",
        "X11",
        "X12",
        "X13",
        "X14",
        "X15",
        "X16",
        "X17",
        "X18",
        "X19",
        "X20",
        "X21",
        "X22"
      ]
    },
    {
      "method": "hcf",
      "sys_accuracy": 0.6125,
      "sys_macro_f1": 0.535989010989011,
      "mod_top1_accuracy": 0.0,
      "fit_time_sec": 0.07180285453796387,
      "infer_ms_per_sample": 0.013300776481628418,
      "n_rules": 90,
      "n_params": 130,
      "n_features_used": 76,
      "confusion_matrix": [
        [
          0,
          0,
          3,
          17
        ],
        [
          0,
          18,
          1,
          1
        ],
        [
          0,
          2,
          11,
          7
        ],
        [
          0,
          0,
          0,
          20
        ]
      ],
      "sys_pred": [
        1,
        1,
        3,
        3,
        1,
        1,
        1,
        3,
        2,
        3,
        3,
        3,
        3,
        2,
        3,
        3,
        1,
        3,
        3,
        3,
        1,
        1,
        3,
        3,
        1,
        2,
        3,
        3,
        3,
        3,
        1,
        2,
        3,
        1,
        3,
        3,
        3,
        3,
        3,
        3,
        3,
        3,
        3,
        3,
        3,
        2,
        1,
        1,
        1,
        2,
        3,
        1,
        3,
        2,
        1,
        2,
        3,
        3,
        3,
        3,
        3,
        3,
        2,
        1,
        2,
        2,
        3,
        3,
        2,
        3,
        3,
        1,
        3,
        2,
        2,
        1,
        2,
        3,
        1,
        3
      ],
      "sys_proba": [
        [
          0.006402653155413234,
          0.7189762089340279,
          0.2721339412297445,
          0.0024871966808143755
        ],
        [
          0.0037563652888103023,
          0.9803084296744238,
          0.013001879817366089,
          0.002933325219399903
        ],
        [
          0.36391887888999674,
          0.04601305906737022,
          0.21218452534632573,
          0.3778835366963073
        ],
        [
          0.36391887888999674,
          0.04601305906737022,
          0.21218452534632573,
          0.3778835366963073
        ],
        [
          0.006402653155413234,
          0.7189762089340279,
          0.2721339412297445,
          0.0024871966808143755
        ],
        [
          0.0037563652888103023,
          0.9803084296744238,
          0.013001879817366089,
          0.002933325219399903
        ],
        [
          0.009433819287372535,
          0.8253149310139063,
          0.1618017726604213,
          0.0034494770382998237
        ],
        [
          0.36391887888999674,
          0.04601305906737022,
          0.21218452534632573,
          0.3778835366963073
        ],
        [
          0.13302596807622136,
          0.21853160734584273,
          0.4586184414318816,
          0.18982398314605442
        ],
        [
          0.36391887888999674,
          0.04601305906737022,
          0.21218452534632573,
          0.3778835366963073
        ],
        [
          0.36391887888999674,
          0.04601305906737022,
          0.21218452534632573,
          0.3778835366963073
        ],
        [
          0.36391887888999674,
          0.04601305906737022,
          0.21218452534632573,
          0.3778835366963073
        ],
        [
          0.36391887888999674,
          0.04601305906737022,
          0.21218452534632573,
          0.3778835366963073
        ],
        [
          0.028780682307737202,
          0.07009309209390054,
          0.8911616512005189,
          0.009964574397843148
        ],
        [
          0.36391887888999674,
          0.04601305906737022,
          0.21218452534632573,
          0.3778835366963073
        ],
        [
          0.36391887888999674,
          0.04601305906737022,
          0.21218452534632573,
          0.3778835366963073
        ],
        [
          0.0037563652888103023,
          0.9803084296744238,
          0.013001879817366089,
          0.002933325219399903
        ],
        [
          0.36391887888999674,
          0.04601305906737022,
          0.21218452534632573,
          0.3778835366963073
        ],
        [
          0.36391887888999674,
          0.04601305906737022,
          0.21218452534632573,
          0.3778835366963073
        ],
        [
          0.36391887888999674,
          0.04601305906737022,
          0.21218452534632573,
          0.3778835366963073
        ],
        [
          0.006402653155413234,
          0.7189762089340279,
          0.2721339412297445,
          0.0024871966808143755
        ],
        [
          0.0037563652888103023,
          0.9803084296744238,
          0.013001879817366089,
          0.002933325219399903
        ],
        [
          0.36391887888999674,
          0.04601305906737022,
          0.21218452534632573,
          0.3778835366963073
        ],
        [
          0.36391887888999674,
          0.04601305906737022,
          0.21218452534632573,
          0.3778835366963073
        ],
        [
          0.0037563652888103023,
          0.9803084296744238,
          0.013001879817366089,
          0.002933325219399903
        ],
        [
          0.14979063930363398,
          0.028077439299877865,
          0.7843937307396869,
          0.037738190656801264
        ],
        [
          0.36391887888999674,
          0.04601305906737022,
          0.21218452534632573,
          0.3778835366963073
        ],
        [
          0.36391887888999674,
          0.04601305906737022,
          0.21218452534632573,
          0.3778835366963073
        ],
        [
          0.36391887888999674,
          0.04601305906737022,
          0.21218452534632573,
          0.3778835366963073
        ],
        [
          0.36391887888999674,
          0.04601305906737022,
          0.21218452534632573,
          0.3778835366963073
        ],
        [
          0.0037563652888103023,
          0.9803084296744238,
          0.013001879817366089,
          0.002933325219399903
        ],
        [
          0.13302596807622136,
          0.21853160734584273,
          0.4586184414318816,
          0.18982398314605442
        ],
        [
          0.36391887888999674,
          0.04601305906737022,
          0.21218452534632573,
          0.3778835366963073
        ],
        [
          0.009433819287372535,
          0.8253149310139063,
          0.1618017726604213,
          0.0034494770382998237
        ],
        [
          0.36391887888999674,
          0.04601305906737022,
          0.21218452534632573,
          0.3778835366963073
        ],
        [
          0.36391887888999674,
          0.04601305906737022,
          0.21218452534632573,
          0.3778835366963073
        ],
        [
          0.36391887888999674,
          0.04601305906737022,
          0.21218452534632573,
          0.3778835366963073
        ],
        [
          0.36391887888999674,
          0.04601305906737022,
          0.21218452534632573,
          0.3778835366963073
        ],
        [
          0.36391887888999674,
          0.04601305906737022,
          0.21218452534632573,
          0.3778835366963073
        ],
        [
          0.36391887888999674,
          0.04601305906737022,
          0.21218452534632573,
          0.3778835366963073
        ],
        [
          0.36391887888999674,
          0.04601305906737022,
          0.21218452534632573,
          0.3778835366963073
        ],
        [
          0.36391887888999674,
          0.04601305906737022,
          0.21218452534632573,
          0.3778835366963073
        ],
        [
          0.36391887888999674,
          0.04601305906737022,
          0.21218452534632573,
          0.3778835366963073
        ],
        [
          0.36391887888999674,
          0.04601305906737022,
          0.21218452534632573,
          0.3778835366963073
        ],
        [
          0.36391887888999674,
          0.04601305906737022,
          0.21218452534632573,
          0.3778835366963073
        ],
        [
          0.14979063930363398,
          0.028077439299877865,
          0.7843937307396869,
          0.037738190656801264
        ],
        [
          0.0037563652888103023,
          0.9803084296744238,
          0.013001879817366089,
          0.002933325219399903
        ],
        [
          0.0037563652888103023,
          0.9803084296744238,
          0.013001879817366089,
          0.002933325219399903
        ],
        [
          0.009433819287372535,
          0.8253149310139063,
          0.1618017726604213,
          0.0034494770382998237
        ],
        [
          0.028780682307737202,
          0.07009309209390054,
          0.8911616512005189,
          0.009964574397843148
        ],
        [
          0.36391887888999674,
          0.04601305906737022,
          0.21218452534632573,
          0.3778835366963073
        ],
        [
          0.0037563652888103023,
          0.9803084296744238,
          0.013001879817366089,
          0.002933325219399903
        ],
        [
          0.36391887888999674,
          0.04601305906737022,
          0.21218452534632573,
          0.3778835366963073
        ],
        [
          0.14979063930363398,
          0.028077439299877865,
          0.7843937307396869,
          0.037738190656801264
        ],
        [
          0.012036705106583048,
          0.9117291978651341,
          0.05696263073208341,
          0.01927146629619955
        ],
        [
          0.14979063930363398,
          0.028077439299877865,
          0.7843937307396869,
          0.037738190656801264
        ],
        [
          0.36391887888999674,
          0.04601305906737022,
          0.21218452534632573,
          0.3778835366963073
        ],
        [
          0.36391887888999674,
          0.04601305906737022,
          0.21218452534632573,
          0.3778835366963073
        ],
        [
          0.36391887888999674,
          0.04601305906737022,
          0.21218452534632573,
          0.3778835366963073
        ],
        [
          0.36391887888999674,
          0.04601305906737022,
          0.21218452534632573,
          0.3778835366963073
        ],
        [
          0.36391887888999674,
          0.04601305906737022,
          0.21218452534632573,
          0.3778835366963073
        ],
        [
          0.36391887888999674,
          0.04601305906737022,
          0.21218452534632573,
          0.3778835366963073
        ],
        [
          0.14979063930363398,
          0.028077439299877865,
          0.7843937307396869,
          0.037738190656801264
        ],
        [
          0.0026590737334613664,
          0.9878917322075673,
          0.0073162074201957115,
          0.0021329866387755476
        ],
        [
          0.13302596807622136,
          0.21853160734584273,
          0.4586184414318816,
          0.18982398314605442
        ],
        [
          0.028780682307737202,
          0.07009309209390054,
          0.8911616512005189,
          0.009964574397843148
        ],
        [
          0.36391887888999674,
          0.04601305906737022,
          0.21218452534632573,
          0.3778835366963073
        ],
        [
          0.36391887888999674,
          0.04601305906737022,
          0.21218452534632573,
          0.3778835366963073
        ],
        [
          0.14979063930363398,
          0.028077439299877865,
          0.7843937307396869,
          0.037738190656801264
        ],
        [
          0.36391887888999674,
          0.04601305906737022,
          0.21218452534632573,
          0.3778835366963073
        ],
        [
          0.36391887888999674,
          0.04601305906737022,
          0.21218452534632573,
          0.3778835366963073
        ],
        [
          0.0037563652888103023,
          0.9803084296744238,
          0.013001879817366089,
          0.002933325219399903
        ],
        [
          0.36391887888999674,
          0.04601305906737022,
          0.21218452534632573,
          0.3778835366963073
        ],
        [
          0.14979063930363398,
          0.028077439299877865,
          0.7843937307396869,
          0.037738190656801264
        ],
        [
          0.14979063930363398,
          0.028077439299877865,
          0.7843937307396869,
          0.037738190656801264
        ],
        [
          0.0028953113392462394,
          0.969867896655827,
          0.02483479690805143,
          0.0024019950968753243
        ],
        [
          0.14979063930363398,
          0.028077439299877865,
          0.7843937307396869,
          0.037738190656801264
        ],
        [
          0.36391887888999674,
          0.04601305906737022,
          0.21218452534632573,
          0.3778835366963073
        ],
        [
          0.0037563652888103023,
          0.9803084296744238,
          0.013001879817366089,
          0.002933325219399903
        ],
        [
          0.36391887888999674,
          0.04601305906737022,
          0.21218452534632573,
          0.3778835366963073
        ]
      ],
      "features_used": [
        32,
        23,
        26,
        46,
        35,
        70,
        31,
        51,
        54,
        53,
        71,
        72,
        66,
        38,
        37,
        8,
        39,
        47,
        7,
        10,
        21,
        9,
        48,
        41,
        68,
        42,
        40,
        0,
        67,
        73,
        13,
        28,
        20,
        34,
        69,
        74,
        44,
        18,
        16,
        56,
        63,
        49,
        60,
        61,
        52,
        50,
        62,
        64,
        55,
        59,
        57,
        58,
        65,
        12,
        4,
        19,
        1,
        43,
        3,
        75,
        2,
        45,
        24,
        17,
        36,
        11,
        25,
        22,
        30,
        27,
        15,
        14,
        5,
        29,
        6,
        33
      ]
    },
    {
      "method": "brb_p",
      "sys_accuracy": 0.3875,
      "sys_macro_f1": 0.388132931165718,
      "mod_top1_accuracy": 0.0,
      "fit_time_sec": 22.642362356185913,
      "infer_ms_per_sample": 0.0794529914855957,
      "n_rules": 81,
      "n_params": 571,
      "n_features_used": 15,
      "confusion_matrix": [
        [
          9,
          0,
          9,
          2
        ],
        [
          2,
          15,
          2,
          1
        ],
        [
          13,
          1,
          5,
          1
        ],
        [
          17,
          0,
          1,
          2
        ]
      ],
      "sys_pred": [
        2,
        1,
        0,
        0,
        1,
        0,
        1,
        2,
        2,
        2,
        0,
        0,
        0,
        1,
        0,
        0,
        1,
        0,
        2,
        0,
        2,
        1,
        0,
        0,
        1,
        0,
        3,
        3,
        3,
        2,
        1,
        0,
        2,
        1,
        0,
        0,
        0,
        0,
        0,
        0,
        0,
        2,
        0,
        0,
        0,
        3,
        3,
        1,
        2,
        0,
        0,
        1,
        0,
        2,
        1,
        0,
        0,
        3,
        0,
        0,
        2,
        0,
        2,
        1,
        2,
        0,
        0,
        0,
        0,
        0,
        2,
        1,
        0,
        0,
        2,
        1,
        2,
        0,
        1,
        0
      ],
      "sys_proba": [
        [
          0.25578290731317943,
          0.251961071379593,
          0.29774741899860735,
          0.19450860230862016
        ],
        [
          0.22549849402613084,
          0.3234945241242179,
          0.22551066069599185,
          0.2254963211536595
        ],
        [
          0.2902762052589005,
          0.16070085645896792,
          0.285496310725972,
          0.2635266275561597
        ],
        [
          0.29273610199442196,
          0.16140851316461033,
          0.29042903505293804,
          0.25542634978802964
        ],
        [
          0.2023546092901277,
          0.3786587177180091,
          0.2415426261650759,
          0.17744404682678738
        ],
        [
          0.2501148884583972,
          0.24995565983022375,
          0.24991469811673994,
          0.250014753594639
        ],
        [
          0.16566001751677625,
          0.49185828658516606,
          0.18232872247207188,
          0.1601529734259858
        ],
        [
          0.2933282551304267,
          0.16945837916568288,
          0.29934958848199594,
          0.23786377722189453
        ],
        [
          0.2914666047251233,
          0.17610184404166246,
          0.3025756056316104,
          0.22985594560160386
        ],
        [
          0.29366528749698473,
          0.16333907953737906,
          0.2939153793185842,
          0.24908025364705208
        ],
        [
          0.2855651463523206,
          0.16295444539145587,
          0.27929518345424625,
          0.2721852248019774
        ],
        [
          0.2932532386968511,
          0.16213288942682674,
          0.2920247816101309,
          0.25258909026619114
        ],
        [
          0.28795323494599334,
          0.1614710015159541,
          0.2821631897901472,
          0.2684125737479054
        ],
        [
          0.2276799876642449,
          0.31373588975149563,
          0.2737535714790988,
          0.1848305511051607
        ],
        [
          0.2896571375425671,
          0.16082035675094383,
          0.28453363906446144,
          0.2649888666420277
        ],
        [
          0.2868188026714837,
          0.1621052058707336,
          0.280748486721849,
          0.27032750473593387
        ],
        [
          0.24265518355691468,
          0.2758844059672078,
          0.2507936653252618,
          0.2306667451506156
        ],
        [
          0.28561701677754553,
          0.1629165118407782,
          0.27935335883736173,
          0.2721131125443146
        ],
        [
          0.2918272139905173,
          0.175007673086315,
          0.302148651562914,
          0.23101646136025378
        ],
        [
          0.29313046729412795,
          0.1619154650233945,
          0.291601289211501,
          0.25335277847097654
        ],
        [
          0.2660472516239597,
          0.23105186669680258,
          0.30306185967029586,
          0.19983902200894188
        ],
        [
          0.14924029601152922,
          0.5468712011146624,
          0.1561999792614697,
          0.1476885236123388
        ],
        [
          0.2818896519645365,
          0.16617704501653346,
          0.2755012251143664,
          0.2764320779045636
        ],
        [
          0.2868630808668001,
          0.16207791775277552,
          0.2808017692084742,
          0.2702572321719501
        ],
        [
          0.15676131108913974,
          0.5216620315060683,
          0.16779454838424998,
          0.15378210902054207
        ],
        [
          0.292888597850163,
          0.16157700071863768,
          0.2908553124823396,
          0.2546790889488597
        ],
        [
          0.2690228646316655,
          0.18493341867058088,
          0.26487317863644966,
          0.28117053806130393
        ],
        [
          0.27464124937631457,
          0.17525851509064685,
          0.26920772943340093,
          0.2808925060996376
        ],
        [
          0.2697307517379995,
          0.18356512997525107,
          0.2654062697642759,
          0.2812978485224735
        ],
        [
          0.27885412657351694,
          0.20509640763631173,
          0.3063699312101161,
          0.20967953458005528
        ],
        [
          0.15102239661857478,
          0.5409169151628777,
          0.15887354315610877,
          0.14918714506243885
        ],
        [
          0.29080759298400016,
          0.16066435382097596,
          0.2863825397574529,
          0.2621455134375709
        ],
        [
          0.2780222096435152,
          0.20681125899844352,
          0.3062967291151741,
          0.2088698022428672
        ],
        [
          0.1713302146667931,
          0.4731225593209038,
          0.1918298016802785,
          0.16371742433202452
        ],
        [
          0.29024385026963717,
          0.16070519014764886,
          0.28544427949182977,
          0.26360668009088417
        ],
        [
          0.28612329479073784,
          0.1625586095187278,
          0.27992965234067807,
          0.27138844334985635
        ],
        [
          0.2864664523934681,
          0.16232918116808834,
          0.28032951454644894,
          0.2708748518919946
        ],
        [
          0.290061598047915,
          0.1607337209790795,
          0.2851549168803767,
          0.2640497640926288
        ],
        [
          0.28794799094541124,
          0.16147360384741705,
          0.282156392610103,
          0.2684220125970687
        ],
        [
          0.28123921938293006,
          0.16684832098935126,
          0.2748841384659465,
          0.27702832116177223
        ],
        [
          0.28665077999916544,
          0.16221051269192815,
          0.2805475956492746,
          0.27059111165963184
        ],
        [
          0.2922783161424509,
          0.1735550962587247,
          0.30152673274767505,
          0.2326398548511494
        ],
        [
          0.28913698183849523,
          0.16097395805230252,
          0.28377177505881324,
          0.266117285050389
        ],
        [
          0.2808314946995884,
          0.167283692098895,
          0.27450396860718884,
          0.2773808445943277
        ],
        [
          0.29059937659192736,
          0.1606705003292163,
          0.2860277941114096,
          0.26270232896744683
        ],
        [
          0.27784441296013695,
          0.1708102900324098,
          0.2718515046157651,
          0.27949379239168803
        ],
        [
          0.26280640857863435,
          0.19941338442403653,
          0.2601984130854294,
          0.2775817939118996
        ],
        [
          0.15658541030379147,
          0.522253034964889,
          0.1675148060487547,
          0.15364674868256487
        ],
        [
          0.2489764779083968,
          0.2661869921072657,
          0.293147744246324,
          0.19168878573801357
        ],
        [
          0.2873770852829136,
          0.16177576389859322,
          0.28143131079600764,
          0.26941584002248553
        ],
        [
          0.28744158025819466,
          0.16173981125591613,
          0.28151180036600687,
          0.26930680811988245
        ],
        [
          0.15748670979023532,
          0.5192248213021653,
          0.168951921371452,
          0.15433654753614742
        ],
        [
          0.2890127808690406,
          0.1610169898910515,
          0.28359535394501345,
          0.26637487529489445
        ],
        [
          0.2788691580697333,
          0.20506534365808726,
          0.30637103204975663,
          0.2096944662224228
        ],
        [
          0.18710211713465705,
          0.42311029023941554,
          0.2180413804561663,
          0.1717462121697612
        ],
        [
          0.28318700332079894,
          0.16492545834297817,
          0.27677530269934125,
          0.27511223563688164
        ],
        [
          0.28505380902065625,
          0.16334053846735194,
          0.27872979850713364,
          0.27287585400485814
        ],
        [
          0.27833806405513745,
          0.17018670029144078,
          0.27227553934909415,
          0.27919969630432767
        ],
        [
          0.292845294371466,
          0.16152614126421183,
          0.29073131142864067,
          0.2548972529356815
        ],
        [
          0.29008106105182657,
          0.16073034796505484,
          0.2851855244053083,
          0.26400306657781025
        ],
        [
          0.2900139065287957,
          0.18013242432724447,
          0.30388829913063503,
          0.22596537001332465
        ],
        [
          0.28012906181069597,
          0.16805981957388524,
          0.2738601704930515,
          0.2779509481223672
        ],
        [
          0.29380333127231884,
          0.16433204282869376,
          0.2951289456238582,
          0.24673568027512935
        ],
        [
          0.15463645852523672,
          0.5287998211706922,
          0.16444036394959344,
          0.15212335635447752
        ],
        [
          0.2819133851762119,
          0.19870052729021256,
          0.306416098698497,
          0.21296998883507848
        ],
        [
          0.2818270813165043,
          0.16624036774448353,
          0.27544127051494327,
          0.276491280424069
        ],
        [
          0.28874868300720896,
          0.1611160257025627,
          0.283226623346965,
          0.26690866794326346
        ],
        [
          0.2802441081686501,
          0.16793045505733278,
          0.27396468545633745,
          0.27786075131767973
        ],
        [
          0.2803197483004597,
          0.16784588002346734,
          0.27403359537625505,
          0.27780077629981786
        ],
        [
          0.2880433652130835,
          0.16142678672365784,
          0.2822804261246049,
          0.26824942193865375
        ],
        [
          0.2749415601345414,
          0.2131021855575612,
          0.3058310148301283,
          0.20612523947776915
        ],
        [
          0.15132554071874094,
          0.5399024211063013,
          0.15933322681850962,
          0.1494388113564482
        ],
        [
          0.2885854305971388,
          0.16118215257768803,
          0.28300282316960984,
          0.2672295936555633
        ],
        [
          0.28523445368790823,
          0.16320165055052283,
          0.2789278925330238,
          0.2726360032285452
        ],
        [
          0.29383513111948245,
          0.16520729446777435,
          0.29604508699786497,
          0.24491248741487814
        ],
        [
          0.23554734392665297,
          0.2933477490003511,
          0.23555992215811072,
          0.23554498491488518
        ],
        [
          0.2877814705351913,
          0.18567387821928538,
          0.30515812464226505,
          0.2213865266032582
        ],
        [
          0.2919524365008027,
          0.16087706005864708,
          0.2885645330399329,
          0.25860597040061717
        ],
        [
          0.14916265721914027,
          0.5471301891796674,
          0.15608464941939065,
          0.14762250418180184
        ],
        [
          0.2890064093410165,
          0.16101925983244025,
          0.2835863568285733,
          0.26638797399797
        ]
      ],
      "features_used": [
        29,
        16,
        2,
        45,
        75,
        26,
        46,
        20,
        12,
        4,
        21,
        13,
        25,
        48,
        7
      ]
    },
    {
      "method": "brb_mu",
      "sys_accuracy": 0.775,
      "sys_macro_f1": 0.7785714285714285,
      "mod_top1_accuracy": 0.0,
      "fit_time_sec": 0.0018596649169921875,
      "infer_ms_per_sample": 0.11148452758789062,
      "n_rules": 72,
      "n_params": 110,
      "n_features_used": 76,
      "confusion_matrix": [
        [
          12,
          8,
          0,
          0
        ],
        [
          0,
          20,
          0,
          0
        ],
        [
          0,
          6,
          12,
          2
        ],
        [
          0,
          2,
          0,
          18
        ]
      ],
      "sys_pred": [
        1,
        1,
        3,
        3,
        1,
        1,
        1,
        0,
        1,
        1,
        3,
        0,
        3,
        1,
        0,
        3,
        1,
        1,
        0,
        0,
        1,
        1,
        2,
        0,
        1,
        1,
        1,
        1,
        1,
        1,
