{
  "methods": [
    {
      "method": "ours",
      "sys_accuracy": 0.975,
      "sys_macro_f1": 0.9749843652282677,
      "mod_top1_accuracy": 0.0,
      "fit_time_sec": 0.24780941009521484,
      "infer_ms_per_sample": 0.15664398670196533,
      "n_rules": 48,
      "n_params": 68,
      "n_features_used": 22,
      "confusion_matrix": [
        [
          20,
          0,
          0,
          0
        ],
        [
          1,
          19,
          0,
          0
        ],
        [
          0,
          0,
          19,
          1
        ],
        [
          0,
          0,
          0,
          20
        ]
      ],
      "sys_pred": [
        2,
        1,
        3,
        3,
        1,
        1,
        1,
        0,
        1,
        3,
        3,
        0,
        3,
        2,
        0,
        3,
        1,
        0,
        0,
        0,
        2,
        1,
        2,
        0,
        1,
        0,
        0,
        0,
        3,
        0,
        1,
        2,
        0,
        1,
        3,
        2,
        3,
        2,
        3,
        3,
        3,
        0,
        0,
        2,
        3,
        2,
        1,
        1,
        1,
        2,
        3,
        1,
        3,
        2,
        1,
        2,
        3,
        3,
        0,
        3,
        0,
        0,
        2,
        1,
        0,
        2,
        3,
        2,
        2,
        0,
        0,
        1,
        3,
        2,
        0,
        1,
        2,
        3,
        1,
        2
      ],
      "sys_proba": [
        [
          0.02,
          0.08,
          0.9,
          0.0
        ],
        [
          0.03,
          0.815,
          0.14,
          0.015
        ],
        [
          0.01,
          0.015,
          0.09,
          0.885
        ],
        [
          0.02,
          0.005,
          0.1,
          0.875
        ],
        [
          0.015,
          0.96,
          0.025,
          0.0
        ],
        [
          0.0,
          0.92,
          0.075,
          0.005
        ],
        [
          0.0,
          0.99,
          0.01,
          0.0
        ],
        [
          0.985,
          0.01,
          0.005,
          0.0
        ],
        [
          0.15,
          0.69,
          0.14,
          0.02
        ],
        [
          0.05,
          0.05,
          0.165,
          0.735
        ],
        [
          0.0,
          0.03,
          0.145,
          0.825
        ],
        [
          0.945,
          0.01,
          0.035,
          0.01
        ],
        [
          0.0,
          0.295,
          0.05,
          0.655
        ],
        [
          0.015,
          0.44,
          0.545,
          0.0
        ],
        [
          0.925,
          0.02,
          0.05,
          0.005
        ],
        [
          0.005,
          0.065,
          0.115,
          0.815
        ],
        [
          0.0,
          0.865,
          0.135,
          0.0
        ],
        [
          0.95,
          0.01,
          0.035,
          0.005
        ],
        [
          0.985,
          0.015,
          0.0,
          0.0
        ],
        [
          0.985,
          0.01,
          0.005,
          0.0
        ],
        [
          0.035,
          0.375,
          0.585,
          0.005
        ],
        [
          0.005,
          0.99,
          0.005,
          0.0
        ],
        [
          0.0,
          0.005,
          0.97,
          0.025
        ],
        [
          0.98,
          0.01,
          0.01,
          0.0
        ],
        [
          0.0,
          0.995,
          0.005,
          0.0
        ],
        [
          0.88,
          0.06,
          0.06,
          0.0
        ],
        [
          0.97,
          0.015,
          0.0,
          0.015
        ],
        [
          0.83,
          0.055,
          0.055,
          0.06
        ],
        [
          0.035,
          0.015,
          0.22,
          0.73
        ],
        [
          0.9,
          0.05,
          0.05,
          0.0
        ],
        [
          0.0,
          1.0,
          0.0,
          0.0
        ],
        [
          0.245,
          0.135,
          0.59,
          0.03
        ],
        [
          0.975,
          0.025,
          0.0,
          0.0
        ],
        [
          0.0,
          1.0,
          0.0,
          0.0
        ],
        [
          0.005,
          0.095,
          0.06,
          0.84
        ],
        [
          0.005,
          0.04,
          0.8,
          0.155
        ],
        [
          0.0,
          0.06,
          0.115,
          0.825
        ],
        [
          0.005,
          0.27,
          0.375,
          0.35
        ],
        [
          0.0,
          0.145,
          0.06,
          0.795
        ],
        [
          0.01,
          0.03,
          0.11,
          0.85
        ],
        [
          0.0,
          0.045,
          0.01,
          0.945
        ],
        [
          0.995,
          0.005,
          0.0,
          0.0
        ],
        [
          0.925,
          0.035,
          0.035,
          0.005
        ],
        [
          0.0,
          0.03,
          0.795,
          0.175
        ],
        [
          0.01,
          0.01,
          0.15,
          0.83
        ],
        [
          0.01,
          0.04,
          0.845,
          0.105
        ],
        [
          0.0,
          0.945,
          0.055,
          0.0
        ],
        [
          0.0,
          0.99,
          0.01,
          0.0
        ],
        [
          0.01,
          0.905,
          0.08,
          0.005
        ],
        [
          0.04,
          0.03,
          0.91,
          0.02
        ],
        [
          0.0,
          0.05,
          0.18,
          0.77
        ],
        [
          0.0,
          1.0,
          0.0,
          0.0
        ],
        [
          0.01,
          0.085,
          0.395,
          0.51
        ],
        [
          0.01,
          0.005,
          0.975,
          0.01
        ],
        [
          0.01,
          0.985,
          0.005,
          0.0
        ],
        [
          0.025,
          0.005,
          0.97,
          0.0
        ],
        [
          0.0,
          0.04,
          0.05,
          0.91
        ],
        [
          0.0,
          0.04,
          0.13,
          0.83
        ],
        [
          0.73,
          0.265,
          0.0,
          0.005
        ],
        [
          0.005,
          0.34,
          0.085,
          0.57
        ],
        [
          0.985,
          0.005,
          0.005,
          0.005
        ],
        [
          0.945,
          0.01,
          0.03,
          0.015
        ],
        [
          0.005,
          0.01,
          0.97,
          0.015
        ],
        [
          0.0,
          0.955,
          0.025,
          0.02
        ],
        [
          0.595,
          0.32,
          0.08,
          0.005
        ],
        [
          0.005,
          0.025,
          0.955,
          0.015
        ],
        [
          0.0,
          0.42,
          0.03,
          0.55
        ],
        [
          0.01,
          0.06,
          0.615,
          0.315
        ],
        [
          0.02,
          0.005,
          0.96,
          0.015
        ],
        [
          1.0,
          0.0,
          0.0,
          0.0
        ],
        [
          0.91,
          0.045,
          0.045,
          0.0
        ],
        [
          0.0,
          1.0,
          0.0,
          0.0
        ],
        [
          0.0,
          0.055,
          0.1,
          0.845
        ],
        [
          0.085,
          0.02,
          0.74,
          0.155
        ],
        [
          0.975,
          0.005,
          0.015,
          0.005
        ],
        [
          0.05,
          0.545,
          0.395,
          0.01
        ],
        [
          0.02,
          0.015,
          0.96,
          0.005
        ],
        [
          0.0,
          0.045,
          0.03,
          0.925
        ],
        [
          0.0,
          0.99,
          0.01,
          0.0
        ],
        [
          0.005,
          0.07,
          0.735,
          0.19
        ]
      ],
      "features_used": [
        "X1",
        "X2",
        "X3",
        "X4",
        "X5",
        "X6",
        "X7",
        "X8",
        "X9",
        "X10",
        "X11",
        "X12",
        "X13",
        "X14",
        "X15",
        "X16",
        "X17",
        "X18",
        "X19",
        "X20",
        "X21",
        "X22"
      ]
    },
    {
      "method": "hcf",
      "sys_accuracy": 0.6125,
      "sys_macro_f1": 0.535989010989011,
      "mod_top1_accuracy": 0.0,
      "fit_time_sec": 0.046604156494140625,
      "infer_ms_per_sample": 0.011476874351501465,
      "n_rules": 90,
      "n_params": 130,
      "n_features_used": 77,
      "confusion_matrix": [
        [
          0,
          0,
          3,
          17
        ],
        [
          0,
          18,
          1,
          1
        ],
        [
          0,
          2,
          11,
          7
        ],
        [
          0,
          0,
          0,
          20
        ]
      ],
      "sys_pred": [
        1,
        1,
        3,
        3,
        1,
        1,
        1,
        3,
        2,
        3,
        3,
        3,
        3,
        2,
        3,
        3,
        1,
        3,
        3,
        3,
        1,
        1,
        3,
        3,
        1,
        2,
        3,
        3,
        3,
        3,
        1,
        2,
        3,
        1,
        3,
        3,
        3,
        3,
        3,
        3,
        3,
        3,
        3,
        3,
        3,
        2,
        1,
        1,
        1,
        2,
        3,
        1,
        3,
        2,
        1,
        2,
        3,
        3,
        3,
        3,
        3,
        3,
        2,
        1,
        2,
        2,
        3,
        3,
        2,
        3,
        3,
        1,
        3,
        2,
        2,
        1,
        2,
        3,
        1,
        3
      ],
      "sys_proba": [
        [
          0.006402653155413234,
          0.7189762089340279,
          0.2721339412297445,
          0.0024871966808143755
        ],
        [
          0.0037563652888103023,
          0.9803084296744238,
          0.013001879817366089,
          0.002933325219399903
        ],
        [
          0.36391887888999674,
          0.04601305906737022,
          0.21218452534632573,
          0.3778835366963073
        ],
        [
          0.36391887888999674,
          0.04601305906737022,
          0.21218452534632573,
          0.3778835366963073
        ],
        [
          0.006402653155413234,
          0.7189762089340279,
          0.2721339412297445,
          0.0024871966808143755
        ],
        [
          0.0037563652888103023,
          0.9803084296744238,
          0.013001879817366089,
          0.002933325219399903
        ],
        [
          0.009433819287372535,
          0.8253149310139063,
          0.1618017726604213,
          0.0034494770382998237
        ],
        [
          0.36391887888999674,
          0.04601305906737022,
          0.21218452534632573,
          0.3778835366963073
        ],
        [
          0.13302596807622136,
          0.21853160734584273,
          0.4586184414318816,
          0.18982398314605442
        ],
        [
          0.36391887888999674,
          0.04601305906737022,
          0.21218452534632573,
          0.3778835366963073
        ],
        [
          0.36391887888999674,
          0.04601305906737022,
          0.21218452534632573,
          0.3778835366963073
        ],
        [
          0.36391887888999674,
          0.04601305906737022,
          0.21218452534632573,
          0.3778835366963073
        ],
        [
          0.36391887888999674,
          0.04601305906737022,
          0.21218452534632573,
          0.3778835366963073
        ],
        [
          0.028780682307737202,
          0.07009309209390054,
          0.8911616512005189,
          0.009964574397843148
        ],
        [
          0.36391887888999674,
          0.04601305906737022,
          0.21218452534632573,
          0.3778835366963073
        ],
        [
          0.36391887888999674,
          0.04601305906737022,
          0.21218452534632573,
          0.3778835366963073
        ],
        [
          0.0037563652888103023,
          0.9803084296744238,
          0.013001879817366089,
          0.002933325219399903
        ],
        [
          0.36391887888999674,
          0.04601305906737022,
          0.21218452534632573,
          0.3778835366963073
        ],
        [
          0.36391887888999674,
          0.04601305906737022,
          0.21218452534632573,
          0.3778835366963073
        ],
        [
          0.36391887888999674,
          0.04601305906737022,
          0.21218452534632573,
          0.3778835366963073
        ],
        [
          0.006402653155413234,
          0.7189762089340279,
          0.2721339412297445,
          0.0024871966808143755
        ],
        [
          0.0037563652888103023,
          0.9803084296744238,
          0.013001879817366089,
          0.002933325219399903
        ],
        [
          0.36391887888999674,
          0.04601305906737022,
          0.21218452534632573,
          0.3778835366963073
        ],
        [
          0.36391887888999674,
          0.04601305906737022,
          0.21218452534632573,
          0.3778835366963073
        ],
        [
          0.0037563652888103023,
          0.9803084296744238,
          0.013001879817366089,
          0.002933325219399903
        ],
        [
          0.14979063930363398,
          0.028077439299877865,
          0.7843937307396869,
          0.037738190656801264
        ],
        [
          0.36391887888999674,
          0.04601305906737022,
          0.21218452534632573,
          0.3778835366963073
        ],
        [
          0.36391887888999674,
          0.04601305906737022,
          0.21218452534632573,
          0.3778835366963073
        ],
        [
          0.36391887888999674,
          0.04601305906737022,
          0.21218452534632573,
          0.3778835366963073
        ],
        [
          0.36391887888999674,
          0.04601305906737022,
          0.21218452534632573,
          0.3778835366963073
        ],
        [
          0.0037563652888103023,
          0.9803084296744238,
          0.013001879817366089,
          0.002933325219399903
        ],
        [
          0.13302596807622136,
          0.21853160734584273,
          0.4586184414318816,
          0.18982398314605442
        ],
        [
          0.36391887888999674,
          0.04601305906737022,
          0.21218452534632573,
          0.3778835366963073
        ],
        [
          0.009433819287372535,
          0.8253149310139063,
          0.1618017726604213,
          0.0034494770382998237
        ],
        [
          0.36391887888999674,
          0.04601305906737022,
          0.21218452534632573,
          0.3778835366963073
        ],
        [
          0.36391887888999674,
          0.04601305906737022,
          0.21218452534632573,
          0.3778835366963073
        ],
        [
          0.36391887888999674,
          0.04601305906737022,
          0.21218452534632573,
          0.3778835366963073
        ],
        [
          0.36391887888999674,
          0.04601305906737022,
          0.21218452534632573,
          0.3778835366963073
        ],
        [
          0.36391887888999674,
          0.04601305906737022,
          0.21218452534632573,
          0.3778835366963073
        ],
        [
          0.36391887888999674,
          0.04601305906737022,
          0.21218452534632573,
          0.3778835366963073
        ],
        [
          0.36391887888999674,
          0.04601305906737022,
          0.21218452534632573,
          0.3778835366963073
        ],
        [
          0.36391887888999674,
          0.04601305906737022,
          0.21218452534632573,
          0.3778835366963073
        ],
        [
          0.36391887888999674,
          0.04601305906737022,
          0.21218452534632573,
          0.3778835366963073
        ],
        [
          0.36391887888999674,
          0.04601305906737022,
          0.21218452534632573,
          0.3778835366963073
        ],
        [
          0.36391887888999674,
          0.04601305906737022,
          0.21218452534632573,
          0.3778835366963073
        ],
        [
          0.14979063930363398,
          0.028077439299877865,
          0.7843937307396869,
          0.037738190656801264
        ],
        [
          0.0037563652888103023,
          0.9803084296744238,
          0.013001879817366089,
          0.002933325219399903
        ],
        [
          0.0037563652888103023,
          0.9803084296744238,
          0.013001879817366089,
          0.002933325219399903
        ],
        [
          0.009433819287372535,
          0.8253149310139063,
          0.1618017726604213,
          0.0034494770382998237
        ],
        [
          0.028780682307737202,
          0.07009309209390054,
          0.8911616512005189,
          0.009964574397843148
        ],
        [
          0.36391887888999674,
          0.04601305906737022,
          0.21218452534632573,
          0.3778835366963073
        ],
        [
          0.0037563652888103023,
          0.9803084296744238,
          0.013001879817366089,
          0.002933325219399903
        ],
        [
          0.36391887888999674,
          0.04601305906737022,
          0.21218452534632573,
          0.3778835366963073
        ],
        [
          0.14979063930363398,
          0.028077439299877865,
          0.7843937307396869,
          0.037738190656801264
        ],
        [
          0.012036705106583048,
          0.9117291978651341,
          0.05696263073208341,
          0.01927146629619955
        ],
        [
          0.14979063930363398,
          0.028077439299877865,
          0.7843937307396869,
          0.037738190656801264
        ],
        [
          0.36391887888999674,
          0.04601305906737022,
          0.21218452534632573,
          0.3778835366963073
        ],
        [
          0.36391887888999674,
          0.04601305906737022,
          0.21218452534632573,
          0.3778835366963073
        ],
        [
          0.36391887888999674,
          0.04601305906737022,
          0.21218452534632573,
          0.3778835366963073
        ],
        [
          0.36391887888999674,
          0.04601305906737022,
          0.21218452534632573,
          0.3778835366963073
        ],
        [
          0.36391887888999674,
          0.04601305906737022,
          0.21218452534632573,
          0.3778835366963073
        ],
        [
          0.36391887888999674,
          0.04601305906737022,
          0.21218452534632573,
          0.3778835366963073
        ],
        [
          0.14979063930363398,
          0.028077439299877865,
          0.7843937307396869,
          0.037738190656801264
        ],
        [
          0.0026590737334613664,
          0.9878917322075673,
          0.0073162074201957115,
          0.0021329866387755476
        ],
        [
          0.13302596807622136,
          0.21853160734584273,
          0.4586184414318816,
          0.18982398314605442
        ],
        [
          0.028780682307737202,
          0.07009309209390054,
          0.8911616512005189,
          0.009964574397843148
        ],
        [
          0.36391887888999674,
          0.04601305906737022,
          0.21218452534632573,
          0.3778835366963073
        ],
        [
          0.36391887888999674,
          0.04601305906737022,
          0.21218452534632573,
          0.3778835366963073
        ],
        [
          0.14979063930363398,
          0.028077439299877865,
          0.7843937307396869,
          0.037738190656801264
        ],
        [
          0.36391887888999674,
          0.04601305906737022,
          0.21218452534632573,
          0.3778835366963073
        ],
        [
          0.36391887888999674,
          0.04601305906737022,
          0.21218452534632573,
          0.3778835366963073
        ],
        [
          0.0037563652888103023,
          0.9803084296744238,
          0.013001879817366089,
          0.002933325219399903
        ],
        [
          0.36391887888999674,
          0.04601305906737022,
          0.21218452534632573,
          0.3778835366963073
        ],
        [
          0.14979063930363398,
          0.028077439299877865,
          0.7843937307396869,
          0.037738190656801264
        ],
        [
          0.14979063930363398,
          0.028077439299877865,
          0.7843937307396869,
          0.037738190656801264
        ],
        [
          0.0028953113392462394,
          0.969867896655827,
          0.02483479690805143,
          0.0024019950968753243
        ],
        [
          0.14979063930363398,
          0.028077439299877865,
          0.7843937307396869,
          0.037738190656801264
        ],
        [
          0.36391887888999674,
          0.04601305906737022,
          0.21218452534632573,
          0.3778835366963073
        ],
        [
          0.0037563652888103023,
          0.9803084296744238,
          0.013001879817366089,
          0.002933325219399903
        ],
        [
          0.36391887888999674,
          0.04601305906737022,
          0.21218452534632573,
          0.3778835366963073
        ]
      ],
      "features_used": [
        32,
        23,
        26,
        46,
        35,
        71,
        31,
        50,
        54,
        52,
        72,
        73,
        65,
        38,
        37,
        8,
        39,
        47,
        7,
        10,
        21,
        9,
        48,
        41,
        69,
        42,
        40,
        0,
        68,
        74,
        13,
        28,
        20,
        34,
        70,
        75,
        44,
        18,
        16,
        53,
        64,
        66,
        58,
        62,
        57,
        49,
        51,
        67,
        59,
        60,
        61,
        63,
        56,
        55,
        12,
        4,
        19,
        1,
        3,
        43,
        76,
        45,
        2,
        24,
        17,
        36,
        11,
        25,
        22,
        30,
        27,
        15,
        14,
        5,
        29,
        6,
        33
      ]
    },
    {
      "method": "brb_p",
      "sys_accuracy": 0.3875,
      "sys_macro_f1": 0.388132931165718,
      "mod_top1_accuracy": 0.0,
      "fit_time_sec": 22.43298029899597,
      "infer_ms_per_sample": 0.07882118225097656,
      "n_rules": 81,
      "n_params": 571,
      "n_features_used": 15,
      "confusion_matrix": [
        [
          9,
          0,
          9,
          2
        ],
        [
          2,
          15,
          2,
          1
        ],
        [
          13,
          1,
          5,
          1
        ],
        [
          17,
          0,
          1,
          2
        ]
      ],
      "sys_pred": [
        2,
        1,
        0,
        0,
        1,
        0,
        1,
        2,
        2,
        2,
        0,
        0,
        0,
        1,
        0,
        0,
        1,
        0,
        2,
        0,
        2,
        1,
        0,
        0,
        1,
        0,
        3,
        3,
        3,
        2,
        1,
        0,
        2,
        1,
        0,
        0,
        0,
        0,
        0,
        0,
        0,
        2,
        0,
        0,
        0,
        3,
        3,
        1,
        2,
        0,
        0,
        1,
        0,
        2,
        1,
        0,
        0,
        3,
        0,
        0,
        2,
        0,
        2,
        1,
        2,
        0,
        0,
        0,
        0,
        0,
        2,
        1,
        0,
        0,
        2,
        1,
        2,
        0,
        1,
        0
      ],
      "sys_proba": [
        [
          0.25578290731317943,
          0.251961071379593,
          0.29774741899860735,
          0.19450860230862016
        ],
        [
          0.22549849402613084,
          0.3234945241242179,
          0.22551066069599185,
          0.2254963211536595
        ],
        [
          0.2902762052589005,
          0.16070085645896792,
          0.285496310725972,
          0.2635266275561597
        ],
        [
          0.29273610199442196,
          0.16140851316461033,
          0.29042903505293804,
          0.25542634978802964
        ],
        [
          0.2023546092901277,
          0.3786587177180091,
          0.2415426261650759,
          0.17744404682678738
        ],
        [
          0.2501148884583972,
          0.24995565983022375,
          0.24991469811673994,
          0.250014753594639
        ],
        [
          0.16566001751677625,
          0.49185828658516606,
          0.18232872247207188,
          0.1601529734259858
        ],
        [
          0.2933282551304267,
          0.16945837916568288,
          0.29934958848199594,
          0.23786377722189453
        ],
        [
          0.2914666047251233,
          0.17610184404166246,
          0.3025756056316104,
          0.22985594560160386
        ],
        [
          0.29366528749698473,
          0.16333907953737906,
          0.2939153793185842,
          0.24908025364705208
        ],
        [
          0.2855651463523206,
          0.16295444539145587,
          0.27929518345424625,
          0.2721852248019774
        ],
        [
          0.2932532386968511,
          0.16213288942682674,
          0.2920247816101309,
          0.25258909026619114
        ],
        [
          0.28795323494599334,
          0.1614710015159541,
          0.2821631897901472,
          0.2684125737479054
        ],
        [
          0.2276799876642449,
          0.31373588975149563,
          0.2737535714790988,
          0.1848305511051607
        ],
        [
          0.2896571375425671,
          0.16082035675094383,
          0.28453363906446144,
          0.2649888666420277
        ],
        [
          0.2868188026714837,
          0.1621052058707336,
          0.280748486721849,
          0.27032750473593387
        ],
        [
          0.24265518355691468,
          0.2758844059672078,
          0.2507936653252618,
          0.2306667451506156
        ],
        [
          0.28561701677754553,
          0.1629165118407782,
          0.27935335883736173,
          0.2721131125443146
        ],
        [
          0.2918272139905173,
          0.175007673086315,
          0.302148651562914,
          0.23101646136025378
        ],
        [
          0.29313046729412795,
          0.1619154650233945,
          0.291601289211501,
          0.25335277847097654
        ],
        [
          0.2660472516239597,
          0.23105186669680258,
          0.30306185967029586,
          0.19983902200894188
        ],
        [
          0.14924029601152922,
          0.5468712011146624,
          0.1561999792614697,
          0.1476885236123388
        ],
        [
          0.2818896519645365,
          0.16617704501653346,
          0.2755012251143664,
          0.2764320779045636
        ],
        [
          0.2868630808668001,
          0.16207791775277552,
          0.2808017692084742,
          0.2702572321719501
        ],
        [
          0.15676131108913974,
          0.5216620315060683,
          0.16779454838424998,
          0.15378210902054207
        ],
        [
          0.292888597850163,
          0.16157700071863768,
          0.2908553124823396,
          0.2546790889488597
        ],
        [
          0.2690228646316655,
          0.18493341867058088,
          0.26487317863644966,
          0.28117053806130393
        ],
        [
          0.27464124937631457,
          0.17525851509064685,
          0.26920772943340093,
          0.2808925060996376
        ],
        [
          0.2697307517379995,
          0.18356512997525107,
          0.2654062697642759,
          0.2812978485224735
        ],
        [
          0.27885412657351694,
          0.20509640763631173,
          0.3063699312101161,
          0.20967953458005528
        ],
        [
          0.15102239661857478,
          0.5409169151628777,
          0.15887354315610877,
          0.14918714506243885
        ],
        [
          0.29080759298400016,
          0.16066435382097596,
          0.2863825397574529,
          0.2621455134375709
        ],
        [
          0.2780222096435152,
          0.20681125899844352,
          0.3062967291151741,
          0.2088698022428672
        ],
        [
          0.1713302146667931,
          0.4731225593209038,
          0.1918298016802785,
          0.16371742433202452
        ],
        [
          0.29024385026963717,
          0.16070519014764886,
          0.28544427949182977,
          0.26360668009088417
        ],
        [
          0.28612329479073784,
          0.1625586095187278,
          0.27992965234067807,
          0.27138844334985635
        ],
        [
          0.2864664523934681,
          0.16232918116808834,
          0.28032951454644894,
          0.2708748518919946
        ],
        [
          0.290061598047915,
          0.1607337209790795,
          0.2851549168803767,
          0.2640497640926288
        ],
        [
          0.28794799094541124,
          0.16147360384741705,
          0.282156392610103,
          0.2684220125970687
        ],
        [
          0.28123921938293006,
          0.16684832098935126,
          0.2748841384659465,
          0.27702832116177223
        ],
        [
          0.28665077999916544,
          0.16221051269192815,
          0.2805475956492746,
          0.27059111165963184
        ],
        [
          0.2922783161424509,
          0.1735550962587247,
          0.30152673274767505,
          0.2326398548511494
        ],
        [
          0.28913698183849523,
          0.16097395805230252,
          0.28377177505881324,
          0.266117285050389
        ],
        [
          0.2808314946995884,
          0.167283692098895,
          0.27450396860718884,
          0.2773808445943277
        ],
        [
          0.29059937659192736,
          0.1606705003292163,
          0.2860277941114096,
          0.26270232896744683
        ],
        [
          0.27784441296013695,
          0.1708102900324098,
          0.2718515046157651,
          0.27949379239168803
        ],
        [
          0.26280640857863435,
          0.19941338442403653,
          0.2601984130854294,
          0.2775817939118996
        ],
        [
          0.15658541030379147,
          0.522253034964889,
          0.1675148060487547,
          0.15364674868256487
        ],
        [
          0.2489764779083968,
          0.2661869921072657,
          0.293147744246324,
          0.19168878573801357
        ],
        [
          0.2873770852829136,
          0.16177576389859322,
          0.28143131079600764,
          0.26941584002248553
        ],
        [
          0.28744158025819466,
          0.16173981125591613,
          0.28151180036600687,
          0.26930680811988245
        ],
        [
          0.15748670979023532,
          0.5192248213021653,
          0.168951921371452,
          0.15433654753614742
        ],
        [
          0.2890127808690406,
          0.1610169898910515,
          0.28359535394501345,
          0.26637487529489445
        ],
        [
          0.2788691580697333,
          0.20506534365808726,
          0.30637103204975663,
          0.2096944662224228
        ],
        [
          0.18710211713465705,
          0.42311029023941554,
          0.2180413804561663,
          0.1717462121697612
        ],
        [
          0.28318700332079894,
          0.16492545834297817,
          0.27677530269934125,
          0.27511223563688164
        ],
        [
          0.28505380902065625,
          0.16334053846735194,
          0.27872979850713364,
          0.27287585400485814
        ],
        [
          0.27833806405513745,
          0.17018670029144078,
          0.27227553934909415,
          0.27919969630432767
        ],
        [
          0.292845294371466,
          0.16152614126421183,
          0.29073131142864067,
          0.2548972529356815
        ],
        [
          0.29008106105182657,
          0.16073034796505484,
          0.2851855244053083,
          0.26400306657781025
        ],
        [
          0.2900139065287957,
          0.18013242432724447,
          0.30388829913063503,
          0.22596537001332465
        ],
        [
          0.28012906181069597,
          0.16805981957388524,
          0.2738601704930515,
          0.2779509481223672
        ],
        [
          0.29380333127231884,
          0.16433204282869376,
          0.2951289456238582,
          0.24673568027512935
        ],
        [
          0.15463645852523672,
          0.5287998211706922,
          0.16444036394959344,
          0.15212335635447752
        ],
        [
          0.2819133851762119,
          0.19870052729021256,
          0.306416098698497,
          0.21296998883507848
        ],
        [
          0.2818270813165043,
          0.16624036774448353,
          0.27544127051494327,
          0.276491280424069
        ],
        [
          0.28874868300720896,
          0.1611160257025627,
          0.283226623346965,
          0.26690866794326346
        ],
        [
          0.2802441081686501,
          0.16793045505733278,
          0.27396468545633745,
          0.27786075131767973
        ],
        [
          0.2803197483004597,
          0.16784588002346734,
          0.27403359537625505,
          0.27780077629981786
        ],
        [
          0.2880433652130835,
          0.16142678672365784,
          0.2822804261246049,
          0.26824942193865375
        ],
        [
          0.2749415601345414,
          0.2131021855575612,
          0.3058310148301283,
          0.20612523947776915
        ],
        [
          0.15132554071874094,
          0.5399024211063013,
          0.15933322681850962,
          0.1494388113564482
        ],
        [
          0.2885854305971388,
          0.16118215257768803,
          0.28300282316960984,
          0.2672295936555633
        ],
        [
          0.28523445368790823,
          0.16320165055052283,
          0.2789278925330238,
          0.2726360032285452
        ],
        [
          0.29383513111948245,
          0.16520729446777435,
          0.29604508699786497,
          0.24491248741487814
        ],
        [
          0.23554734392665297,
          0.2933477490003511,
          0.23555992215811072,
          0.23554498491488518
        ],
        [
          0.2877814705351913,
          0.18567387821928538,
          0.30515812464226505,
          0.2213865266032582
        ],
        [
          0.2919524365008027,
          0.16087706005864708,
          0.2885645330399329,
          0.25860597040061717
        ],
        [
          0.14916265721914027,
          0.5471301891796674,
          0.15608464941939065,
          0.14762250418180184
        ],
        [
          0.2890064093410165,
          0.16101925983244025,
          0.2835863568285733,
          0.26638797399797
        ]
      ],
      "features_used": [
        29,
        16,
        76,
        2,
        45,
        26,
        46,
        20,
        12,
        4,
        21,
        13,
        25,
        48,
        7
      ]
    },
    {
      "method": "brb_mu",
      "sys_accuracy": 0.7625,
      "sys_macro_f1": 0.7653579513299378,
      "mod_top1_accuracy": 0.0,
      "fit_time_sec": 0.0016028881072998047,
      "infer_ms_per_sample": 0.10755360126495361,
      "n_rules": 72,
      "n_params": 110,
      "n_features_used": 77,
      "confusion_matrix": [
        [
          11,
          9,
          0,
          0
        ],
        [
          0,
          20,
          0,
          0
        ],
        [
          0,
          6,
          12,
          2
        ],
        [
          0,
          2,
          0,
          18
        ]
      ],
      "sys_pred": [
        1,
        1,
        3,
        3,
        1,
        1,
        1,
        0,
        1,
        1,
        3,
        0,
        3,
        1,
        0,
        3,
        1,
        1,
        0,
        0,
        1,
        1,
        2,
        0,
        1,
        1,
        1,
        1,
        1,
        1,
        1,
        1,
        1,
        1,
        3,
        2,
        3,
        3,
        3,
        3,
        3,
        0,
        0,
        2,
        3,
        2,
        1,
        1,
        1,
        1,
        3,
        1,
        3,
        2,
        1,
        2,
        3,
        3,
        1,
        3,
        0,
        1,
        2,
        1,
        1,
        1,
        3,
        2,
        2,
        0,
        1,
        1,
        3,
        2,
        0,
        1,
        2,
        3,
        1,
        2
      ],
      "sys_proba": [
        [
          0.05951352477703545,
          0.8214589616237834,
          0.05951398882214585,
          0.05951352477703545
        ],
        [
          0.12372332843358964,
          0.6288300146992265,
          0.12372332843359447,
          0.12372332843358964
        ],
        [
          8.899826981593852e-08,
          0.0648102856390627,
          0.35001571996818087,
          0.5851739053944869
        ],
        [
          0.00025793521270936893,
          0.1320734182509997,
          0.3957936092586802,
          0.4718750372776109
        ],
        [
          6.720762427717526e-37,
          0.9999999588278655,
          4.1172134517456626e-08,
          3.8976368162826607e-284
        ],
        [
          0.12372332843358964,
          0.6288300146992313,
          0.12372332843358964,
          0.12372332843358964
        ],
        [
          0.0,
          1.0,
          8.099365172564284e-77,
          0.0
        ],
        [
          0.8156267477590491,
          0.1080549107544211,
          0.07631834148652922,
          6.851347099124865e-16
        ],
        [
          0.0029034576504530663,
          0.7552549211936075,
          0.24184162115593957,
          1.1434785933003293e-46
        ],
        [
          0.09202214568313902,
          0.5545576156911785,
          0.20300265366374168,
          0.15041758496194105
        ],
        [
          7.991236273592618e-07,
          0.04198918553110227,
          0.2889151898792564,
          0.6690948254660142
        ],
        [
          0.5051450776778935,
          0.0805837477558513,
          0.41427117454296986,
          2.3285425162621925e-11
        ],
        [
          1.931437821842099e-07,
          0.07647259302012796,
          0.2593445769083763,
          0.6641826369277138
        ],
        [
          9.696179742039781e-37,
          0.9999984328849437,
          1.5671150563442687e-06,
          0.0
        ],
        [
          0.596274819313348,
          0.14260603515610584,
          0.261119145343838,
          1.8670827242901578e-10
        ],
        [
          1.2329110130830337e-06,
          0.08184956787099143,
          0.2305762782407337,
          0.687572920977262
        ],
        [
          0.12372332843358964,
          0.6288300146992313,
          0.12372332843358964,
          0.12372332843358964
        ],
        [
          0.348816951957926,
          0.4930857718362127,
          0.15809727620580574,
          5.5678067373715164e-14
