{
  "methods": [
    {
      "method": "ours",
      "sys_accuracy": 0.95,
      "sys_macro_f1": 0.9492419248516809,
      "mod_top1_accuracy": 0.0,
      "fit_time_sec": 0.12082171440124512,
      "infer_ms_per_sample": 0.28889477252960205,
      "n_rules": 48,
      "n_params": 68,
      "n_features_used": 22,
      "confusion_matrix": [
        [
          20,
          0,
          0,
          0
        ],
        [
          1,
          19,
          0,
          0
        ],
        [
          0,
          2,
          17,
          1
        ],
        [
          0,
          0,
          0,
          20
        ]
      ],
      "sys_pred": [
        2,
        1,
        3,
        3,
        1,
        1,
        1,
        0,
        1,
        3,
        3,
        0,
        3,
        1,
        0,
        3,
        1,
        0,
        0,
        0,
        2,
        1,
        2,
        0,
        1,
        0,
        0,
        0,
        3,
        0,
        1,
        2,
        0,
        1,
        3,
        2,
        3,
        1,
        3,
        3,
        3,
        0,
        0,
        2,
        3,
        2,
        1,
        1,
        1,
        2,
        3,
        1,
        3,
        2,
        1,
        2,
        3,
        3,
        0,
        3,
        0,
        0,
        2,
        1,
        0,
        2,
        3,
        2,
        2,
        0,
        0,
        1,
        3,
        2,
        0,
        1,
        2,
        3,
        1,
        2
      ],
      "sys_proba": [
        [
          0.024761904761904763,
          0.16607142857142856,
          0.8091666666666666,
          0.0
        ],
        [
          0.033761904761904764,
          0.7286904761904762,
          0.22221428571428573,
          0.015333333333333332
        ],
        [
          0.03,
          0.01561111111111111,
          0.08371825396825397,
          0.870670634920635
        ],
        [
          0.005,
          0.041333333333333326,
          0.2005238095238095,
          0.7531428571428571
        ],
        [
          0.029166666666666664,
          0.8899047619047619,
          0.07692857142857143,
          0.004
        ],
        [
          0.013761904761904762,
          0.8881428571428571,
          0.08776190476190475,
          0.010333333333333332
        ],
        [
          0.0,
          0.9283333333333335,
          0.07166666666666666,
          0.0
        ],
        [
          0.9899999999999999,
          0.01,
          0.0,
          0.0
        ],
        [
          0.20935714285714288,
          0.574517316017316,
          0.2118398268398268,
          0.004285714285714285
        ],
        [
          0.06208333333333333,
          0.08976190476190476,
          0.2235714285714286,
          0.6245833333333334
        ],
        [
          0.0,
          0.06983333333333334,
          0.15791666666666665,
          0.7722500000000001
        ],
        [
          0.94,
          0.008,
          0.032,
          0.02
        ],
        [
          0.0016666666666666666,
          0.22173015873015878,
          0.10981349206349206,
          0.6667896825396825
        ],
        [
          0.03997619047619048,
          0.5174935064935064,
          0.437530303030303,
          0.005
        ],
        [
          0.9233333333333335,
          0.02083333333333333,
          0.0525,
          0.003333333333333333
        ],
        [
          0.0016666666666666666,
          0.038,
          0.14658333333333334,
          0.81375
        ],
        [
          0.013761904761904762,
          0.8364761904761905,
          0.14442857142857143,
          0.005333333333333333
        ],
        [
          0.98,
          0.006666666666666666,
          0.01,
          0.003333333333333333
        ],
        [
          0.9933333333333333,
          0.006666666666666666,
          0.0,
          0.0
        ],
        [
          0.985,
          0.01,
          0.005,
          0.0
        ],
        [
          0.03833333333333333,
          0.33692857142857136,
          0.6247380952380953,
          0.0
        ],
        [
          0.0,
          0.9943333333333334,
          0.005666666666666666,
          0.0
        ],
        [
          0.006500000000000001,
          0.03166666666666667,
          0.9398333333333333,
          0.022000000000000002
        ],
        [
          0.9683333333333334,
          0.016666666666666666,
          0.015,
          0.0
        ],
        [
          0.0,
          0.9916666666666666,
          0.008333333333333333,
          0.0
        ],
        [
          0.8507142857142855,
          0.05595238095238095,
          0.09333333333333332,
          0.0
        ],
        [
          0.9316666666666665,
          0.02333333333333333,
          0.03,
          0.015
        ],
        [
          0.8011904761904762,
          0.0488095238095238,
          0.11966666666666669,
          0.030333333333333334
        ],
        [
          0.0475,
          0.03933333333333333,
          0.2363214285714286,
          0.676845238095238
        ],
        [
          0.8678333333333333,
          0.04416666666666666,
          0.08800000000000001,
          0.0
        ],
        [
          0.0,
          1.0,
          0.0,
          0.0
        ],
        [
          0.3048333333333333,
          0.09756493506493506,
          0.5326017316017316,
          0.065
        ],
        [
          0.9086190476190475,
          0.042666666666666665,
          0.04871428571428571,
          0.0
        ],
        [
          0.006428571428571428,
          0.9845714285714285,
          0.009000000000000001,
          0.0
        ],
        [
          0.0,
          0.04511904761904761,
          0.13206349206349205,
          0.8228174603174603
        ],
        [
          0.006857142857142857,
          0.03497619047619047,
          0.7703214285714285,
          0.1878452380952381
        ],
        [
          0.0016666666666666666,
          0.09494444444444446,
          0.14006349206349206,
          0.7633253968253968
        ],
        [
          0.0025,
          0.34842521367521373,
          0.32798748473748474,
          0.3210873015873016
        ],
        [
          0.0,
          0.1657857142857143,
          0.05061111111111111,
          0.7836031746031746
        ],
        [
          0.01,
          0.011785714285714287,
          0.041333333333333326,
          0.9368809523809523
        ],
        [
          0.0,
          0.02033333333333333,
          0.025999999999999995,
          0.9536666666666668
        ],
        [
          0.9966666666666667,
          0.003333333333333333,
          0.0,
          0.0
        ],
        [
          0.9340952380952381,
          0.03257142857142857,
          0.028333333333333335,
          0.005
        ],
        [
          0.0,
          0.029500000000000002,
          0.7234523809523807,
          0.24704761904761902
        ],
        [
          0.0,
          0.04592857142857144,
          0.13323809523809527,
          0.8208333333333333
        ],
        [
          0.02208333333333333,
          0.0175,
          0.7991666666666666,
          0.16125
        ],
        [
          0.008761904761904762,
          0.8914761904761904,
          0.09476190476190477,
          0.005
        ],
        [
          0.0,
          1.0,
          0.0,
          0.0
        ],
        [
          0.04576190476190476,
          0.8418030303030303,
          0.11243506493506493,
          0.0
        ],
        [
          0.03833333333333333,
          0.04416666666666667,
          0.9125000000000001,
          0.005
        ],
        [
          0.0016666666666666666,
          0.042166666666666665,
          0.15289285714285714,
          0.8032738095238094
        ],
        [
          0.0,
          1.0,
          0.0,
          0.0
        ],
        [
          0.01,
          0.09569444444444444,
          0.4173373015873017,
          0.476968253968254
        ],
        [
          0.04466666666666667,
          0.021166666666666667,
          0.9308333333333333,
          0.003333333333333333
        ],
        [
          0.0125,
          0.9860714285714286,
          0.0014285714285714286,
          0.0
        ],
        [
          0.08,
          0.004,
          0.9109999999999999,
          0.005
        ],
        [
          0.005,
          0.02892857142857143,
          0.035416666666666666,
          0.9306547619047619
        ],
        [
          0.01,
          0.037000000000000005,
          0.1074047619047619,
          0.8455952380952381
        ],
        [
          0.7990952380952381,
          0.1434047619047619,
          0.0325,
          0.025
        ],
        [
          0.005416666666666666,
          0.18502777777777776,
          0.1371388888888889,
          0.6724166666666668
        ],
        [
          0.9716666666666666,
          0.0,
          0.025,
          0.003333333333333333
        ],
        [
          0.8708333333333332,
          0.025833333333333333,
          0.05833333333333334,
          0.04499999999999999
        ],
        [
          0.023333333333333334,
          0.019999999999999997,
          0.9291666666666667,
          0.0275
        ],
        [
          0.0,
          0.9516666666666667,
          0.04833333333333333,
          0.0
        ],
        [
          0.47692857142857137,
          0.34789826839826843,
          0.1751731601731602,
          0.0
        ],
        [
          0.01726190476190476,
          0.020952380952380948,
          0.9167857142857142,
          0.045
        ],
        [
          0.0016666666666666666,
          0.26173015873015876,
          0.09330555555555554,
          0.6432976190476193
        ],
        [
          0.0075,
          0.08983333333333332,
          0.6443571428571429,
          0.25830952380952377
        ],
        [
          0.02,
          0.0185,
          0.9564999999999999,
          0.005
        ],
        [
          0.9666666666666667,
          0.01,
          0.01,
          0.013333333333333332
        ],
        [
          0.8778333333333334,
          0.059452380952380944,
          0.06271428571428571,
          0.0
        ],
        [
          0.0,
          0.996,
          0.004,
          0.0
        ],
        [
          0.01,
          0.044,
          0.12075,
          0.82525
        ],
        [
          0.0675,
          0.03988095238095238,
          0.7619444444444444,
          0.1306746031746032
        ],
        [
          0.9461190476190475,
          0.023166666666666665,
          0.03071428571428571,
          0.0
        ],
        [
          0.09935714285714287,
          0.4336904761904762,
          0.4324523809523809,
          0.034499999999999996
        ],
        [
          0.030833333333333334,
          0.021666666666666664,
          0.9434999999999999,
          0.004
        ],
        [
          0.0,
          0.03883333333333333,
          0.017619047619047618,
          0.9435476190476192
        ],
        [
          0.0,
          0.9943333333333334,
          0.005666666666666666,
          0.0
        ],
        [
          0.002857142857142857,
          0.0633095238095238,
          0.7311666666666666,
          0.20266666666666666
        ]
      ],
      "features_used": [
        "X1",
        "X2",
        "X3",
        "X4",
        "X5",
        "X6",
        "X7",
        "X8",
        "X9",
        "X10",
        "X11",
        "X12",
        "X13",
        "X14",
        "X15",
        "X16",
        "X17",
        "X18",
        "X19",
        "X20",
        "X21",
        "X22"
      ]
    },
    {
      "method": "hcf",
      "sys_accuracy": 0.6125,
      "sys_macro_f1": 0.535989010989011,
      "mod_top1_accuracy": 0.0,
      "fit_time_sec": 0.059566497802734375,
      "infer_ms_per_sample": 0.012212991714477539,
      "n_rules": 90,
      "n_params": 130,
      "n_features_used": 76,
      "confusion_matrix": [
        [
          0,
          0,
          3,
          17
        ],
        [
          0,
          18,
          1,
          1
        ],
        [
          0,
          2,
          11,
          7
        ],
        [
          0,
          0,
          0,
          20
        ]
      ],
      "sys_pred": [
        1,
        1,
        3,
        3,
        1,
        1,
        1,
        3,
        2,
        3,
        3,
        3,
        3,
        2,
        3,
        3,
        1,
        3,
        3,
        3,
        1,
        1,
        3,
        3,
        1,
        2,
        3,
        3,
        3,
        3,
        1,
        2,
        3,
        1,
        3,
        3,
        3,
        3,
        3,
        3,
        3,
        3,
        3,
        3,
        3,
        2,
        1,
        1,
        1,
        2,
        3,
        1,
        3,
        2,
        1,
        2,
        3,
        3,
        3,
        3,
        3,
        3,
        2,
        1,
        2,
        2,
        3,
        3,
        2,
        3,
        3,
        1,
        3,
        2,
        2,
        1,
        2,
        3,
        1,
        3
      ],
      "sys_proba": [
        [
          0.006402653155373697,
          0.7189762089345262,
          0.272133941229277,
          0.0024871966808230183
        ],
        [
          0.003756365288814445,
          0.9803084296744905,
          0.013001879817277927,
          0.002933325219417082
        ],
        [
          0.36391887888981533,
          0.04601305906742022,
          0.2121845253465147,
          0.3778835366962497
        ],
        [
          0.36391887888981533,
          0.04601305906742022,
          0.2121845253465147,
          0.3778835366962497
        ],
        [
          0.006402653155373697,
          0.7189762089345262,
          0.272133941229277,
          0.0024871966808230183
        ],
        [
          0.003756365288814445,
          0.9803084296744905,
          0.013001879817277927,
          0.002933325219417082
        ],
        [
          0.009433819287387665,
          0.8253149310146611,
          0.1618017726596275,
          0.0034494770383236588
        ],
        [
          0.36391887888981533,
          0.04601305906742022,
          0.2121845253465147,
          0.3778835366962497
        ],
        [
          0.13302596807492117,
          0.21853160734607763,
          0.45861844143337704,
          0.18982398314562407
        ],
        [
          0.36391887888981533,
          0.04601305906742022,
          0.2121845253465147,
          0.3778835366962497
        ],
        [
          0.36391887888981533,
          0.04601305906742022,
          0.2121845253465147,
          0.3778835366962497
        ],
        [
          0.36391887888981533,
          0.04601305906742022,
          0.2121845253465147,
          0.3778835366962497
        ],
        [
          0.36391887888981533,
          0.04601305906742022,
          0.2121845253465147,
          0.3778835366962497
        ],
        [
          0.028780682307535114,
          0.07009309209399538,
          0.8911616512006151,
          0.009964574397854285
        ],
        [
          0.36391887888981533,
          0.04601305906742022,
          0.2121845253465147,
          0.3778835366962497
        ],
        [
          0.36391887888981533,
          0.04601305906742022,
          0.2121845253465147,
          0.3778835366962497
        ],
        [
          0.003756365288814445,
          0.9803084296744905,
          0.013001879817277927,
          0.002933325219417082
        ],
        [
          0.36391887888981533,
          0.04601305906742022,
          0.2121845253465147,
          0.3778835366962497
        ],
        [
          0.36391887888981533,
          0.04601305906742022,
          0.2121845253465147,
          0.3778835366962497
        ],
        [
          0.36391887888981533,
          0.04601305906742022,
          0.2121845253465147,
          0.3778835366962497
        ],
        [
          0.006402653155373697,
          0.7189762089345262,
          0.272133941229277,
          0.0024871966808230183
        ],
        [
          0.003756365288814445,
          0.9803084296744905,
          0.013001879817277927,
          0.002933325219417082
        ],
        [
          0.36391887888981533,
          0.04601305906742022,
          0.2121845253465147,
          0.3778835366962497
        ],
        [
          0.36391887888981533,
          0.04601305906742022,
          0.2121845253465147,
          0.3778835366962497
        ],
        [
          0.003756365288814445,
          0.9803084296744905,
          0.013001879817277927,
          0.002933325219417082
        ],
        [
          0.14979063930416278,
          0.028077439299952035,
          0.7843937307389137,
          0.037738190656971454
        ],
        [
          0.36391887888981533,
          0.04601305906742022,
          0.2121845253465147,
          0.3778835366962497
        ],
        [
          0.36391887888981533,
          0.04601305906742022,
          0.2121845253465147,
          0.3778835366962497
        ],
        [
          0.36391887888981533,
          0.04601305906742022,
          0.2121845253465147,
          0.3778835366962497
        ],
        [
          0.36391887888981533,
          0.04601305906742022,
          0.2121845253465147,
          0.3778835366962497
        ],
        [
          0.003756365288814445,
          0.9803084296744905,
          0.013001879817277927,
          0.002933325219417082
        ],
        [
          0.13302596807492117,
          0.21853160734607763,
          0.45861844143337704,
          0.18982398314562407
        ],
        [
          0.36391887888981533,
          0.04601305906742022,
          0.2121845253465147,
          0.3778835366962497
        ],
        [
          0.009433819287387665,
          0.8253149310146611,
          0.1618017726596275,
          0.0034494770383236588
        ],
        [
          0.36391887888981533,
          0.04601305906742022,
          0.2121845253465147,
          0.3778835366962497
        ],
        [
          0.36391887888981533,
          0.04601305906742022,
          0.2121845253465147,
          0.3778835366962497
        ],
        [
          0.36391887888981533,
          0.04601305906742022,
          0.2121845253465147,
          0.3778835366962497
        ],
        [
          0.36391887888981533,
          0.04601305906742022,
          0.2121845253465147,
          0.3778835366962497
        ],
        [
          0.36391887888981533,
          0.04601305906742022,
          0.2121845253465147,
          0.3778835366962497
        ],
        [
          0.36391887888981533,
          0.04601305906742022,
          0.2121845253465147,
          0.3778835366962497
        ],
        [
          0.36391887888981533,
          0.04601305906742022,
          0.2121845253465147,
          0.3778835366962497
        ],
        [
          0.36391887888981533,
          0.04601305906742022,
          0.2121845253465147,
          0.3778835366962497
        ],
        [
          0.36391887888981533,
          0.04601305906742022,
          0.2121845253465147,
          0.3778835366962497
        ],
        [
          0.36391887888981533,
          0.04601305906742022,
          0.2121845253465147,
          0.3778835366962497
        ],
        [
          0.36391887888981533,
          0.04601305906742022,
          0.2121845253465147,
          0.3778835366962497
        ],
        [
          0.14979063930416278,
          0.028077439299952035,
          0.7843937307389137,
          0.037738190656971454
        ],
        [
          0.003756365288814445,
          0.9803084296744905,
          0.013001879817277927,
          0.002933325219417082
        ],
        [
          0.003756365288814445,
          0.9803084296744905,
          0.013001879817277927,
          0.002933325219417082
        ],
        [
          0.009433819287387665,
          0.8253149310146611,
          0.1618017726596275,
          0.0034494770383236588
        ],
        [
          0.028780682307535114,
          0.07009309209399538,
          0.8911616512006151,
          0.009964574397854285
        ],
        [
          0.36391887888981533,
          0.04601305906742022,
          0.2121845253465147,
          0.3778835366962497
        ],
        [
          0.003756365288814445,
          0.9803084296744905,
          0.013001879817277927,
          0.002933325219417082
        ],
        [
          0.36391887888981533,
          0.04601305906742022,
          0.2121845253465147,
          0.3778835366962497
        ],
        [
          0.14979063930416278,
          0.028077439299952035,
          0.7843937307389137,
          0.037738190656971454
        ],
        [
          0.012036705106471332,
          0.9117291978651892,
          0.05696263073214501,
          0.019271466296194466
        ],
        [
          0.14979063930416278,
          0.028077439299952035,
          0.7843937307389137,
          0.037738190656971454
        ],
        [
          0.36391887888981533,
          0.04601305906742022,
          0.2121845253465147,
          0.3778835366962497
        ],
        [
          0.36391887888981533,
          0.04601305906742022,
          0.2121845253465147,
          0.3778835366962497
        ],
        [
          0.36391887888981533,
          0.04601305906742022,
          0.2121845253465147,
          0.3778835366962497
        ],
        [
          0.36391887888981533,
          0.04601305906742022,
          0.2121845253465147,
          0.3778835366962497
        ],
        [
          0.36391887888981533,
          0.04601305906742022,
          0.2121845253465147,
          0.3778835366962497
        ],
        [
          0.36391887888981533,
          0.04601305906742022,
          0.2121845253465147,
          0.3778835366962497
        ],
        [
          0.14979063930416278,
          0.028077439299952035,
          0.7843937307389137,
          0.037738190656971454
        ],
        [
          0.0026590737334633934,
          0.9878917322076174,
          0.00731620742013676,
          0.0021329866387825853
        ],
        [
          0.13302596807492117,
          0.21853160734607763,
          0.45861844143337704,
          0.18982398314562407
        ],
        [
          0.028780682307535114,
          0.07009309209399538,
          0.8911616512006151,
          0.009964574397854285
        ],
        [
          0.36391887888981533,
          0.04601305906742022,
          0.2121845253465147,
          0.3778835366962497
        ],
        [
          0.36391887888981533,
          0.04601305906742022,
          0.2121845253465147,
          0.3778835366962497
        ],
        [
          0.14979063930416278,
          0.028077439299952035,
          0.7843937307389137,
          0.037738190656971454
        ],
        [
          0.36391887888981533,
          0.04601305906742022,
          0.2121845253465147,
          0.3778835366962497
        ],
        [
          0.36391887888981533,
          0.04601305906742022,
          0.2121845253465147,
          0.3778835366962497
        ],
        [
          0.003756365288814445,
          0.9803084296744905,
          0.013001879817277927,
          0.002933325219417082
        ],
        [
          0.36391887888981533,
          0.04601305906742022,
          0.2121845253465147,
          0.3778835366962497
        ],
        [
          0.14979063930416278,
          0.028077439299952035,
          0.7843937307389137,
          0.037738190656971454
        ],
        [
          0.14979063930416278,
          0.028077439299952035,
          0.7843937307389137,
          0.037738190656971454
        ],
        [
          0.002895311339227641,
          0.9698678966559222,
          0.02483479690796846,
          0.002401995096881745
        ],
        [
          0.14979063930416278,
          0.028077439299952035,
          0.7843937307389137,
          0.037738190656971454
        ],
        [
          0.36391887888981533,
          0.04601305906742022,
          0.2121845253465147,
          0.3778835366962497
        ],
        [
          0.003756365288814445,
          0.9803084296744905,
          0.013001879817277927,
          0.002933325219417082
        ],
        [
          0.36391887888981533,
          0.04601305906742022,
          0.2121845253465147,
          0.3778835366962497
        ]
      ],
      "features_used": [
        32,
        23,
        26,
        46,
        35,
        70,
        31,
        51,
        54,
        53,
        71,
        72,
        66,
        38,
        37,
        8,
        47,
        39,
        7,
        10,
        21,
        9,
        48,
        41,
        68,
        42,
        40,
        0,
        67,
        73,
        13,
        28,
        20,
        34,
        69,
        74,
        44,
        18,
        16,
        56,
        63,
        57,
        49,
        61,
        60,
        52,
        50,
        62,
        64,
        55,
        58,
        59,
        65,
        12,
        4,
        19,
        1,
        43,
        3,
        75,
        2,
        45,
        24,
        17,
        36,
        11,
        25,
        22,
        30,
        27,
        15,
        14,
        5,
        29,
        6,
        33
      ]
    },
    {
      "method": "brb_p",
      "sys_accuracy": 0.3875,
      "sys_macro_f1": 0.388132931165718,
      "mod_top1_accuracy": 0.0,
      "fit_time_sec": 21.005900382995605,
      "infer_ms_per_sample": 0.07697343826293945,
      "n_rules": 81,
      "n_params": 571,
      "n_features_used": 15,
      "confusion_matrix": [
        [
          9,
          0,
          9,
          2
        ],
        [
          2,
          15,
          2,
          1
        ],
        [
          13,
          1,
          5,
          1
        ],
        [
          17,
          0,
          1,
          2
        ]
      ],
      "sys_pred": [
        2,
        1,
        0,
        0,
        1,
        0,
        1,
        2,
        2,
        2,
        0,
        0,
        0,
        1,
        0,
        0,
        1,
        0,
        2,
        0,
        2,
        1,
        0,
        0,
        1,
        0,
        3,
        3,
        3,
        2,
        1,
        0,
        2,
        1,
        0,
        0,
        0,
        0,
        0,
        0,
        0,
        2,
        0,
        0,
        0,
        3,
        3,
        1,
        2,
        0,
        0,
        1,
        0,
        2,
        1,
        0,
        0,
        3,
        0,
        0,
        2,
        0,
        2,
        1,
        2,
        0,
        0,
        0,
        0,
        0,
        2,
        1,
        0,
        0,
        2,
        1,
        2,
        0,
        1,
        0
      ],
      "sys_proba": [
        [
          0.25578290731316733,
          0.25196107137957574,
          0.2977474189986266,
          0.19450860230863035
        ],
        [
          0.22549849402618402,
          0.32349452412408014,
          0.2255106606960258,
          0.22549632115371007
        ],
        [
          0.290276205258902,
          0.1607008564589547,
          0.2854963107259802,
          0.263526627556163
        ],
        [
          0.29273610199442124,
          0.16140851316459479,
          0.2904290350529496,
          0.2554263497880344
        ],
        [
          0.20235460929011947,
          0.37865871771800635,
          0.2415426261650745,
          0.1774440468267997
        ],
        [
          0.2501148884583975,
          0.24995565983021872,
          0.2499146981167439,
          0.25001475359463987
        ],
        [
          0.16566001751676818,
          0.4918582865851762,
          0.18232872247205167,
          0.1601529734260039
        ],
        [
          0.2933282551304217,
          0.1694583791656633,
          0.2993495884820133,
          0.23786377722190155
        ],
        [
          0.29146660472511643,
          0.17610184404164153,
          0.30257560563163,
          0.2298559456016122
        ],
        [
          0.2936652874969824,
          0.1633390795373618,
          0.2939153793185982,
          0.24908025364705774
        ],
        [
          0.28556514635232483,
          0.16295444539144605,
          0.27929518345425003,
          0.2721852248019791
        ],
        [
          0.29325323869684966,
          0.16213288942681045,
          0.2920247816101437,
          0.25258909026619614
        ],
        [
          0.2879532349459965,
          0.16147100151594257,
          0.28216318979015326,
          0.2684125737479076
        ],
        [
          0.2276799876642346,
          0.31373588975148514,
          0.27375357147910884,
          0.18483055110517138
        ],
        [
          0.2896571375425693,
          0.1608203567509311,
          0.2845336390644692,
          0.2649888666420305
        ],
        [
          0.2868188026714875,
          0.16210520587072294,
          0.28074848672185404,
          0.27032750473593553
        ],
        [
          0.24265518355691415,
          0.27588440596720104,
          0.2507936653252628,
          0.23066674515062208
        ],
        [
          0.2856170167775499,
          0.16291651184076814,
          0.2793533588373658,
          0.27211311254431614
        ],
        [
          0.2918272139905106,
          0.17500767308629434,
          0.30214865156293325,
          0.2310164613602617
        ],
        [
          0.2931304672941266,
          0.16191546502337825,
          0.2916012892115133,
          0.25335277847098175
        ],
        [
          0.26604725162394816,
          0.23105186669678246,
          0.3030618596703173,
          0.1998390220089521
        ],
        [
          0.14924029601151662,
          0.54687120111468,
          0.15619997926144313,
          0.14768852361236035
        ],
        [
          0.28188965196454263,
          0.1661770450165254,
          0.2755012251143679,
          0.27643207790456414
        ],
        [
          0.2868630808668039,
          0.16207791775276476,
          0.28080176920847927,
          0.2702572321719521
        ],
        [
          0.15676131108912988,
          0.5216620315060821,
          0.16779454838422603,
          0.15378210902056202
        ],
        [
          0.2928885978501622,
          0.16157700071862174,
          0.29085531248235147,
          0.25467908894886465
        ],
        [
          0.269022864631675,
          0.1849334186705779,
          0.26487317863644516,
          0.281170538061302
        ],
        [
          0.2746412493763226,
          0.17525851509064225,
          0.2692077294333985,
          0.2808925060996367
        ],
        [
          0.2697307517380088,
          0.18356512997524774,
          0.26540626976427195,
          0.28129784852247147
        ],
        [
          0.2788541265735062,
          0.2050964076362902,
          0.30636993121013856,
          0.20967953458006508
        ],
        [
          0.15102239661856307,
          0.5409169151628939,
          0.15887354315608293,
          0.14918714506246014
        ],
        [
          0.29080759298400155,
          0.16066435382096225,
          0.2863825397574618,
          0.26214551343757436
        ],
        [
          0.27802220964350416,
          0.2068112589984227,
          0.30629672911519634,
          0.20886980224287677
        ],
        [
          0.1713302146667856,
          0.4731225593209119,
          0.1918298016802611,
          0.1637174243320414
        ],
        [
          0.290243850269639,
          0.1607051901476357,
          0.28544427949183826,
          0.26360668009088717
        ],
        [
          0.2861232947907419,
          0.1625586095187176,
          0.27992965234068234,
          0.27138844334985823
        ],
        [
          0.2864664523934721,
          0.16232918116807782,
          0.28032951454645383,
          0.2708748518919963
        ],
        [
          0.29006159804791676,
          0.1607337209790664,
          0.28515491688038475,
          0.26404976409263203
        ],
        [
          0.2879479909454144,
          0.16147360384740558,
          0.28215639261010894,
          0.2684220125970711
        ],
        [
          0.2812392193829364,
          0.16684832098934355,
          0.2748841384659477,
          0.27702832116177245
        ],
        [
          0.2866507799991695,
          0.16221051269191736,
          0.28054759564927956,
          0.2705911116596336
        ],
        [
          0.2922783161424447,
          0.17355509625870427,
          0.301526732747694,
          0.23263985485115707
        ],
        [
          0.28913698183849773,
          0.1609739580522902,
          0.28377177505882023,
          0.2661172850503919
        ],
        [
          0.28083149469959473,
          0.16728369209888755,
          0.2745039686071897,
          0.277380844594328
        ],
        [
          0.29059937659192875,
          0.16067050032920277,
          0.2860277941114183,
          0.2627023289674503
        ],
        [
          0.2778444129601443,
          0.1708102900324038,
          0.27185150461576424,
          0.2794937923916877
        ],
        [
          0.26280640857864396,
          0.1994133844240349,
          0.26019841308542374,
          0.2775817939118973
        ],
        [
          0.15658541030378145,
          0.5222530349649032,
          0.16751480604873056,
          0.15364674868258477
        ],
        [
          0.2489764779083854,
          0.26618699210724905,
          0.2931477442463417,
          0.19168878573802395
        ],
        [
          0.2873770852829172,
          0.1617757638985821,
          0.2814313107960132,
          0.2694158400224876
        ],
        [
          0.2874415802581982,
          0.16173981125590492,
          0.2815118003660125,
          0.26930680811988444
        ],
        [
          0.15748670979022547,
          0.5192248213021794,
          0.16895192137142806,
          0.15433654753616707
        ],
        [
          0.2890127808690429,
          0.1610169898910394,
          0.2835953539450203,
          0.2663748752948973
        ],
        [
          0.2788691580697226,
          0.2050653436580658,
          0.3063710320497791,
          0.20969446622243249
        ],
        [
          0.18710211713464978,
          0.4231102902394179,
          0.21804138045615712,
          0.1717462121697753
        ],
        [
          0.28318700332080443,
          0.16492545834296948,
          0.2767753026993435,
          0.27511223563688253
        ],
        [
          0.28505380902066096,
          0.1633405384673423,
          0.27872979850713736,
          0.2728758540048594
        ],
        [
          0.2783380640551446,
          0.17018670029143432,
          0.27227553934909376,
          0.27919969630432734
        ],
        [
          0.29284529437146506,
          0.16152614126419604,
          0.2907313114286525,
          0.2548972529356865
        ],
        [
          0.29008106105182846,
          0.16073034796504182,
          0.28518552440531636,
          0.2640030665778134
        ],
        [
          0.290013906528788,
          0.18013242432722354,
          0.3038882991306557,
          0.22596537001333283
        ],
        [
          0.2801290618107026,
          0.1680598195738782,
          0.27386017049305184,
          0.2779509481223674
        ],
        [
          0.29380333127231584,
          0.16433204282867603,
          0.29512894562387293,
          0.2467356802751353
        ],
        [
          0.154636458525226,
          0.5287998211707078,
          0.1644403639495684,
          0.15212335635449775
        ],
        [
          0.28191338517620157,
          0.19870052729019091,
          0.3064160986985196,
          0.21296998883508791
        ],
        [
          0.2818270813165103,
          0.16624036774447543,
          0.27544127051494477,
          0.2764912804240695
        ],
        [
          0.28874868300721157,
          0.16111602570255062,
          0.28322662334697185,
          0.2669086679432659
        ],
        [
          0.28024410816865675,
          0.1679304550573254,
          0.27396468545633784,
          0.27786075131767995
        ],
        [
          0.28031974830046613,
          0.1678458800234602,
          0.27403359537625555,
          0.27780077629981803
        ],
        [
          0.28804336521308654,
          0.1614267867236463,
          0.2822804261246111,
          0.2682494219386562
        ],
        [
          0.27494156013452997,
          0.21310218555754057,
          0.30583101483015057,
          0.20612523947777886
        ],
        [
          0.1513255407187292,
          0.5399024211063179,
          0.15933322681848364,
          0.14943881135646925
        ],
        [
          0.2885854305971415,
          0.16118215257767618,
          0.28300282316961645,
          0.26722959365556587
        ],
        [
          0.28523445368791284,
          0.163201650550513,
          0.2789278925330275,
          0.2726360032285468
        ],
        [
          0.29383513111947906,
          0.16520729446775628,
          0.29604508699788035,
          0.24491248741488425
        ],
        [
          0.2355473439266842,
          0.2933477490002705,
          0.23555992215812785,
          0.23554498491491754
        ],
        [
          0.28778147053518255,
          0.1856738782192639,
          0.30515812464228637,
          0.2213865266032672
        ],
        [
          0.291952436500803,
          0.16087706005863245,
          0.28856453303994334,
          0.2586059704006212
        ],
        [
          0.14916265721912758,
          0.547130189179685,
          0.156084649419364,
          0.1476225041818233
        ],
        [
          0.28900640934101907,
          0.161019259832428,
          0.2835863568285804,
          0.2663879739979725
        ]
      ],
      "features_used": [
        29,
        16,
        2,
        45,
        75,
        26,
        46,
        20,
        12,
        4,
        21,
        13,
        25,
        48,
        7
      ]
    },
    {
      "method": "brb_mu",
      "sys_accuracy": 0.775,
      "sys_macro_f1": 0.7785714285714285,
      "mod_top1_accuracy": 0.0,
      "fit_time_sec": 0.0015048980712890625,
      "infer_ms_per_sample": 0.09757280349731445,
      "n_rules": 72,
      "n_params": 110,
      "n_features_used": 76,
      "confusion_matrix": [
        [
          12,
          8,
          0,
          0
        ],
        [
          0,
          20,
          0,
          0
        ],
        [
          0,
          6,
          12,
          2
        ],
        [
          0,
          2,
          0,
          18
        ]
      ],
      "sys_pred": [
        1,
        1,
        3,
        3,
        1,
        1,
        1,
        0,
        1,
        1,
        3,
        0,
        3,
        1,
        0,
        3,
        1,
        1,
        0,
        0,
        1,
        1,
        2,
        0,
        1,
        1,
        1,
        1,
        1,
        1,
        1,
        1,
        1,
        1,
        3,
        2,
