{
  "methods": [
    {
      "method": "ours",
      "sys_accuracy": 0.9125,
      "sys_macro_f1": 0.9097895568483804,
      "mod_top1_accuracy": 0.0,
      "fit_time_sec": 0.2504556179046631,
      "infer_ms_per_sample": 0.16163885593414307,
      "n_rules": 48,
      "n_params": 68,
      "n_features_used": 22,
      "confusion_matrix": [
        [
          20,
          0,
          0,
          0
        ],
        [
          1,
          19,
          0,
          0
        ],
        [
          1,
          0,
          14,
          5
        ],
        [
          0,
          0,
          0,
          20
        ]
      ],
      "sys_pred": [
        2,
        1,
        3,
        3,
        1,
        1,
        1,
        0,
        1,
        3,
        3,
        0,
        3,
        2,
        0,
        3,
        1,
        0,
        0,
        0,
        2,
        1,
        2,
        0,
        1,
        0,
        0,
        0,
        3,
        0,
        1,
        0,
        0,
        1,
        3,
        3,
        3,
        2,
        3,
        3,
        3,
        0,
        0,
        2,
        3,
        2,
        1,
        1,
        1,
        2,
        3,
        1,
        3,
        2,
        1,
        2,
        3,
        3,
        0,
        3,
        0,
        0,
        2,
        1,
        0,
        2,
        3,
        3,
        2,
        0,
        0,
        1,
        3,
        2,
        0,
        1,
        3,
        3,
        1,
        3
      ],
      "sys_proba": [
        [
          0.005,
          0.02,
          0.95,
          0.025
        ],
        [
          0.05,
          0.655,
          0.27,
          0.025
        ],
        [
          0.0,
          0.03,
          0.085,
          0.885
        ],
        [
          0.0,
          0.055,
          0.185,
          0.76
        ],
        [
          0.02,
          0.975,
          0.005,
          0.0
        ],
        [
          0.02,
          0.905,
          0.075,
          0.0
        ],
        [
          0.005,
          0.945,
          0.045,
          0.005
        ],
        [
          0.905,
          0.045,
          0.04,
          0.01
        ],
        [
          0.215,
          0.66,
          0.12,
          0.005
        ],
        [
          0.005,
          0.085,
          0.23,
          0.68
        ],
        [
          0.025,
          0.065,
          0.18,
          0.73
        ],
        [
          0.985,
          0.015,
          0.0,
          0.0
        ],
        [
          0.01,
          0.04,
          0.115,
          0.835
        ],
        [
          0.25,
          0.05,
          0.675,
          0.025
        ],
        [
          0.83,
          0.03,
          0.11,
          0.03
        ],
        [
          0.03,
          0.075,
          0.12,
          0.775
        ],
        [
          0.02,
          0.875,
          0.1,
          0.005
        ],
        [
          0.915,
          0.065,
          0.015,
          0.005
        ],
        [
          0.955,
          0.03,
          0.015,
          0.0
        ],
        [
          0.81,
          0.11,
          0.075,
          0.005
        ],
        [
          0.0,
          0.02,
          0.98,
          0.0
        ],
        [
          0.015,
          0.985,
          0.0,
          0.0
        ],
        [
          0.0,
          0.0,
          0.975,
          0.025
        ],
        [
          0.865,
          0.1,
          0.03,
          0.005
        ],
        [
          0.0,
          0.975,
          0.025,
          0.0
        ],
        [
          0.885,
          0.075,
          0.04,
          0.0
        ],
        [
          0.995,
          0.0,
          0.005,
          0.0
        ],
        [
          0.97,
          0.01,
          0.015,
          0.005
        ],
        [
          0.035,
          0.02,
          0.105,
          0.84
        ],
        [
          0.96,
          0.025,
          0.015,
          0.0
        ],
        [
          0.0,
          0.995,
          0.005,
          0.0
        ],
        [
          0.455,
          0.27,
          0.23,
          0.045
        ],
        [
          0.8,
          0.05,
          0.115,
          0.035
        ],
        [
          0.005,
          0.99,
          0.005,
          0.0
        ],
        [
          0.0,
          0.325,
          0.09,
          0.585
        ],
        [
          0.0,
          0.08,
          0.315,
          0.605
        ],
        [
          0.0,
          0.14,
          0.03,
          0.83
        ],
        [
          0.0,
          0.0,
          0.99,
          0.01
        ],
        [
          0.0,
          0.065,
          0.08,
          0.855
        ],
        [
          0.0,
          0.035,
          0.045,
          0.92
        ],
        [
          0.035,
          0.025,
          0.07,
          0.87
        ],
        [
          0.87,
          0.055,
          0.05,
          0.025
        ],
        [
          0.98,
          0.0,
          0.02,
          0.0
        ],
        [
          0.005,
          0.015,
          0.97,
          0.01
        ],
        [
          0.005,
          0.035,
          0.055,
          0.905
        ],
        [
          0.015,
          0.055,
          0.77,
          0.16
        ],
        [
          0.01,
          0.875,
          0.11,
          0.005
        ],
        [
          0.005,
          0.99,
          0.005,
          0.0
        ],
        [
          0.055,
          0.77,
          0.165,
          0.01
        ],
        [
          0.0,
          0.27,
          0.39,
          0.34
        ],
        [
          0.0,
          0.03,
          0.14,
          0.83
        ],
        [
          0.0,
          0.99,
          0.01,
          0.0
        ],
        [
          0.0,
          0.08,
          0.42,
          0.5
        ],
        [
          0.015,
          0.01,
          0.95,
          0.025
        ],
        [
          0.025,
          0.965,
          0.01,
          0.0
        ],
        [
          0.44,
          0.025,
          0.52,
          0.015
        ],
        [
          0.0,
          0.07,
          0.14,
          0.79
        ],
        [
          0.005,
          0.09,
          0.17,
          0.735
        ],
        [
          0.565,
          0.365,
          0.06,
          0.01
        ],
        [
          0.0,
          0.125,
          0.07,
          0.805
        ],
        [
          0.955,
          0.01,
          0.035,
          0.0
        ],
        [
          0.96,
          0.0,
          0.04,
          0.0
        ],
        [
          0.01,
          0.025,
          0.795,
          0.17
        ],
        [
          0.01,
          0.975,
          0.015,
          0.0
        ],
        [
          1.0,
          0.0,
          0.0,
          0.0
        ],
        [
          0.025,
          0.035,
          0.76,
          0.18
        ],
        [
          0.0,
          0.065,
          0.055,
          0.88
        ],
        [
          0.0,
          0.045,
          0.405,
          0.55
        ],
        [
          0.15,
          0.245,
          0.585,
          0.02
        ],
        [
          0.88,
          0.05,
          0.04,
          0.03
        ],
        [
          0.94,
          0.045,
          0.015,
          0.0
        ],
        [
          0.0,
          1.0,
          0.0,
          0.0
        ],
        [
          0.005,
          0.14,
          0.185,
          0.67
        ],
        [
          0.08,
          0.025,
          0.82,
          0.075
        ],
        [
          0.99,
          0.0,
          0.01,
          0.0
        ],
        [
          0.085,
          0.46,
          0.43,
          0.025
        ],
        [
          0.02,
          0.07,
          0.405,
          0.505
        ],
        [
          0.04,
          0.025,
          0.12,
          0.815
        ],
        [
          0.01,
          0.99,
          0.0,
          0.0
        ],
        [
          0.0,
          0.185,
          0.35,
          0.465
        ]
      ],
      "features_used": [
        "X1",
        "X2",
        "X3",
        "X4",
        "X5",
        "X6",
        "X7",
        "X8",
        "X9",
        "X10",
        "X11",
        "X12",
        "X13",
        "X14",
        "X15",
        "X16",
        "X17",
        "X18",
        "X19",
        "X20",
        "X21",
        "X22"
      ]
    },
    {
      "method": "hcf",
      "sys_accuracy": 0.5125,
      "sys_macro_f1": 0.42313936063936064,
      "mod_top1_accuracy": 0.0,
      "fit_time_sec": 0.0685579776763916,
      "infer_ms_per_sample": 0.011500716209411621,
      "n_rules": 90,
      "n_params": 130,
      "n_features_used": 77,
      "confusion_matrix": [
        [
          0,
          0,
          0,
          20
        ],
        [
          0,
          18,
          1,
          1
        ],
        [
          0,
          1,
          3,
          16
        ],
        [
          0,
          0,
          0,
          20
        ]
      ],
      "sys_pred": [
        3,
        1,
        3,
        3,
        1,
        1,
        1,
        3,
        2,
        3,
        3,
        3,
        3,
        3,
        3,
        3,
        1,
        3,
        3,
        3,
        3,
        1,
        3,
        3,
        1,
        3,
        3,
        3,
        3,
        3,
        1,
        2,
        3,
        1,
        3,
        3,
        3,
        3,
        3,
        3,
        3,
        3,
        3,
        2,
        3,
        3,
        1,
        1,
        1,
        3,
        3,
        1,
        3,
        2,
        1,
        3,
        3,
        3,
        3,
        3,
        3,
        3,
        3,
        1,
        3,
        3,
        3,
        3,
        1,
        3,
        3,
        1,
        3,
        3,
        3,
        1,
        3,
        3,
        1,
        3
      ],
      "sys_proba": [
        [
          0.3433217978006924,
          0.04726546921854592,
          0.26278441315290874,
          0.3466283198278529
        ],
        [
          0.0038062636126199325,
          0.9755459780693726,
          0.01826976439320189,
          0.0023779939248054923
        ],
        [
          0.3433217978006924,
          0.04726546921854592,
          0.26278441315290874,
          0.3466283198278529
        ],
        [
          0.3433217978006924,
          0.04726546921854592,
          0.26278441315290874,
          0.3466283198278529
        ],
        [
          0.017259768980983227,
          0.89456120830969,
          0.06604955859803845,
          0.022129464111288345
        ],
        [
          0.0038062636126199325,
          0.9755459780693726,
          0.01826976439320189,
          0.0023779939248054923
        ],
        [
          0.017259768980983227,
          0.89456120830969,
          0.06604955859803845,
          0.022129464111288345
        ],
        [
          0.3433217978006924,
          0.04726546921854592,
          0.26278441315290874,
          0.3466283198278529
        ],
        [
          0.11724121102069904,
          0.09348036653356169,
          0.651716007661858,
          0.13756241478388126
        ],
        [
          0.3433217978006924,
          0.04726546921854592,
          0.26278441315290874,
          0.3466283198278529
        ],
        [
          0.3433217978006924,
          0.04726546921854592,
          0.26278441315290874,
          0.3466283198278529
        ],
        [
          0.3433217978006924,
          0.04726546921854592,
          0.26278441315290874,
          0.3466283198278529
        ],
        [
          0.3433217978006924,
          0.04726546921854592,
          0.26278441315290874,
          0.3466283198278529
        ],
        [
          0.3433217978006924,
          0.04726546921854592,
          0.26278441315290874,
          0.3466283198278529
        ],
        [
          0.3433217978006924,
          0.04726546921854592,
          0.26278441315290874,
          0.3466283198278529
        ],
        [
          0.3433217978006924,
          0.04726546921854592,
          0.26278441315290874,
          0.3466283198278529
        ],
        [
          0.0038062636126199325,
          0.9755459780693726,
          0.01826976439320189,
          0.0023779939248054923
        ],
        [
          0.3433217978006924,
          0.04726546921854592,
          0.26278441315290874,
          0.3466283198278529
        ],
        [
          0.3433217978006924,
          0.04726546921854592,
          0.26278441315290874,
          0.3466283198278529
        ],
        [
          0.3433217978006924,
          0.04726546921854592,
          0.26278441315290874,
          0.3466283198278529
        ],
        [
          0.3433217978006924,
          0.04726546921854592,
          0.26278441315290874,
          0.3466283198278529
        ],
        [
          0.0038062636126199325,
          0.9755459780693726,
          0.01826976439320189,
          0.0023779939248054923
        ],
        [
          0.3433217978006924,
          0.04726546921854592,
          0.26278441315290874,
          0.3466283198278529
        ],
        [
          0.3433217978006924,
          0.04726546921854592,
          0.26278441315290874,
          0.3466283198278529
        ],
        [
          0.0038062636126199325,
          0.9755459780693726,
          0.01826976439320189,
          0.0023779939248054923
        ],
        [
          0.3433217978006924,
          0.04726546921854592,
          0.26278441315290874,
          0.3466283198278529
        ],
        [
          0.3433217978006924,
          0.04726546921854592,
          0.26278441315290874,
          0.3466283198278529
        ],
        [
          0.3433217978006924,
          0.04726546921854592,
          0.26278441315290874,
          0.3466283198278529
        ],
        [
          0.3433217978006924,
          0.04726546921854592,
          0.26278441315290874,
          0.3466283198278529
        ],
        [
          0.3433217978006924,
          0.04726546921854592,
          0.26278441315290874,
          0.3466283198278529
        ],
        [
          0.0038062636126199325,
          0.9755459780693726,
          0.01826976439320189,
          0.0023779939248054923
        ],
        [
          0.11724121102069904,
          0.09348036653356169,
          0.651716007661858,
          0.13756241478388126
        ],
        [
          0.3433217978006924,
          0.04726546921854592,
          0.26278441315290874,
          0.3466283198278529
        ],
        [
          0.0038062636126199325,
          0.9755459780693726,
          0.01826976439320189,
          0.0023779939248054923
        ],
        [
          0.3433217978006924,
          0.04726546921854592,
          0.26278441315290874,
          0.3466283198278529
        ],
        [
          0.3433217978006924,
          0.04726546921854592,
          0.26278441315290874,
          0.3466283198278529
        ],
        [
          0.3433217978006924,
          0.04726546921854592,
          0.26278441315290874,
          0.3466283198278529
        ],
        [
          0.3433217978006924,
          0.04726546921854592,
          0.26278441315290874,
          0.3466283198278529
        ],
        [
          0.3433217978006924,
          0.04726546921854592,
          0.26278441315290874,
          0.3466283198278529
        ],
        [
          0.3433217978006924,
          0.04726546921854592,
          0.26278441315290874,
          0.3466283198278529
        ],
        [
          0.3433217978006924,
          0.04726546921854592,
          0.26278441315290874,
          0.3466283198278529
        ],
        [
          0.3433217978006924,
          0.04726546921854592,
          0.26278441315290874,
          0.3466283198278529
        ],
        [
          0.3433217978006924,
          0.04726546921854592,
          0.26278441315290874,
          0.3466283198278529
        ],
        [
          0.12801844813080812,
          0.04072958870801278,
          0.7698552305991079,
          0.061396732562071205
        ],
        [
          0.3433217978006924,
          0.04726546921854592,
          0.26278441315290874,
          0.3466283198278529
        ],
        [
          0.3433217978006924,
          0.04726546921854592,
          0.26278441315290874,
          0.3466283198278529
        ],
        [
          0.0038062636126199325,
          0.9755459780693726,
          0.01826976439320189,
          0.0023779939248054923
        ],
        [
          0.0038062636126199325,
          0.9755459780693726,
          0.01826976439320189,
          0.0023779939248054923
        ],
        [
          0.0038062636126199325,
          0.9755459780693726,
          0.01826976439320189,
          0.0023779939248054923
        ],
        [
          0.3433217978006924,
          0.04726546921854592,
          0.26278441315290874,
          0.3466283198278529
        ],
        [
          0.3433217978006924,
          0.04726546921854592,
          0.26278441315290874,
          0.3466283198278529
        ],
        [
          0.0038062636126199325,
          0.9755459780693726,
          0.01826976439320189,
          0.0023779939248054923
        ],
        [
          0.3433217978006924,
          0.04726546921854592,
          0.26278441315290874,
          0.3466283198278529
        ],
        [
          0.12801844813080812,
          0.04072958870801278,
          0.7698552305991079,
          0.061396732562071205
        ],
        [
          0.017259768980983227,
          0.89456120830969,
          0.06604955859803845,
          0.022129464111288345
        ],
        [
          0.3433217978006924,
          0.04726546921854592,
          0.26278441315290874,
          0.3466283198278529
        ],
        [
          0.3433217978006924,
          0.04726546921854592,
          0.26278441315290874,
          0.3466283198278529
        ],
        [
          0.3433217978006924,
          0.04726546921854592,
          0.26278441315290874,
          0.3466283198278529
        ],
        [
          0.3433217978006924,
          0.04726546921854592,
          0.26278441315290874,
          0.3466283198278529
        ],
        [
          0.3433217978006924,
          0.04726546921854592,
          0.26278441315290874,
          0.3466283198278529
        ],
        [
          0.3433217978006924,
          0.04726546921854592,
          0.26278441315290874,
          0.3466283198278529
        ],
        [
          0.3433217978006924,
          0.04726546921854592,
          0.26278441315290874,
          0.3466283198278529
        ],
        [
          0.3433217978006924,
          0.04726546921854592,
          0.26278441315290874,
          0.3466283198278529
        ],
        [
          0.00307026772464301,
          0.9815744317081072,
          0.013404641513233251,
          0.001950659054016431
        ],
        [
          0.3433217978006924,
          0.04726546921854592,
          0.26278441315290874,
          0.3466283198278529
        ],
        [
          0.3433217978006924,
          0.04726546921854592,
          0.26278441315290874,
          0.3466283198278529
        ],
        [
          0.3433217978006924,
          0.04726546921854592,
          0.26278441315290874,
          0.3466283198278529
        ],
        [
          0.3433217978006924,
          0.04726546921854592,
          0.26278441315290874,
          0.3466283198278529
        ],
        [
          0.008784883467658303,
          0.9742939680797584,
          0.005367002600139011,
          0.011554145852444174
        ],
        [
          0.3433217978006924,
          0.04726546921854592,
          0.26278441315290874,
          0.3466283198278529
        ],
        [
          0.3433217978006924,
          0.04726546921854592,
          0.26278441315290874,
          0.3466283198278529
        ],
        [
          0.0038062636126199325,
          0.9755459780693726,
          0.01826976439320189,
          0.0023779939248054923
        ],
        [
          0.3433217978006924,
          0.04726546921854592,
          0.26278441315290874,
          0.3466283198278529
        ],
        [
          0.3433217978006924,
          0.04726546921854592,
          0.26278441315290874,
          0.3466283198278529
        ],
        [
          0.3433217978006924,
          0.04726546921854592,
          0.26278441315290874,
          0.3466283198278529
        ],
        [
          0.006602799419622855,
          0.7908571733897579,
          0.19851865694600435,
          0.00402137024461492
        ],
        [
          0.3433217978006924,
          0.04726546921854592,
          0.26278441315290874,
          0.3466283198278529
        ],
        [
          0.3433217978006924,
          0.04726546921854592,
          0.26278441315290874,
          0.3466283198278529
        ],
        [
          0.0038062636126199325,
          0.9755459780693726,
          0.01826976439320189,
          0.0023779939248054923
        ],
        [
          0.3433217978006924,
          0.04726546921854592,
          0.26278441315290874,
          0.3466283198278529
        ]
      ],
      "features_used": [
        32,
        23,
        26,
        46,
        35,
        71,
        9,
        31,
        54,
        52,
        50,
        73,
        72,
        65,
        38,
        37,
        7,
        47,
        10,
        39,
        8,
        21,
        48,
        41,
        42,
        69,
        40,
        0,
        68,
        74,
        13,
        28,
        20,
        70,
        75,
        44,
        34,
        16,
        18,
        12,
        19,
        4,
        53,
        62,
        66,
        58,
        64,
        57,
        49,
        51,
        67,
        59,
        60,
        61,
        63,
        56,
        55,
        1,
        76,
        45,
        2,
        43,
        3,
        24,
        17,
        36,
        11,
        25,
        22,
        30,
        14,
        27,
        15,
        5,
        29,
        6,
        33
      ]
    },
    {
      "method": "brb_p",
      "sys_accuracy": 0.425,
      "sys_macro_f1": 0.4148285613290915,
      "mod_top1_accuracy": 0.0,
      "fit_time_sec": 22.348909616470337,
      "infer_ms_per_sample": 0.07732510566711426,
      "n_rules": 81,
      "n_params": 571,
      "n_features_used": 15,
      "confusion_matrix": [
        [
          9,
          0,
          10,
          1
        ],
        [
          2,
          15,
          2,
          1
        ],
        [
          10,
          1,
          9,
          0
        ],
        [
          19,
          0,
          0,
          1
        ]
      ],
      "sys_pred": [
        2,
        1,
        0,
        0,
        1,
        0,
        1,
        0,
        2,
        0,
        0,
        2,
        0,
        2,
        0,
        0,
        1,
        2,
        2,
        0,
        1,
        1,
        2,
        2,
        1,
        2,
        0,
        0,
        0,
        2,
        1,
        2,
        0,
        1,
        0,
        0,
        0,
        2,
        0,
        0,
        0,
        3,
        0,
        2,
        3,
        0,
        3,
        1,
        2,
        0,
        0,
        1,
        0,
        2,
        1,
        0,
        0,
        0,
        0,
        0,
        0,
        2,
        0,
        1,
        2,
        2,
        0,
        0,
        2,
        0,
        2,
        1,
        0,
        0,
        2,
        1,
        0,
        0,
        1,
        0
      ],
      "sys_proba": [
        [
          0.28273571498551237,
          0.19526684707158024,
          0.31383621545511065,
          0.20816122248779673
        ],
        [
          0.22520921822108755,
          0.3243488815164255,
          0.22523217847290808,
          0.22520972178957896
        ],
        [
          0.2855150292549097,
          0.169877272659431,
          0.26788619837918937,
          0.2767214997064701
        ],
        [
          0.2919300469778876,
          0.16355874660210984,
          0.2791460256103413,
          0.26536518080966137
        ],
        [
          0.20050277295409086,
          0.37422204427072153,
          0.24938880242708283,
          0.17588638034810472
        ],
        [
          0.25012103646244416,
          0.24999347773497868,
          0.2498350217279489,
          0.2500504640746283
        ],
        [
          0.1640847292312526,
          0.48945985227413763,
          0.1871020012802328,
          0.15935341721437696
        ],
        [
          0.29578858460857615,
          0.16457803112951797,
          0.2955122205082987,
          0.24412116375360712
        ],
        [
          0.2927088151145687,
          0.17494234944750897,
          0.307122655627609,
          0.22522617981031337
        ],
        [
          0.29081199857855644,
          0.1643897017272782,
          0.27674538726922715,
          0.2680529124249383
        ],
        [
          0.29555234055313767,
          0.1632792347106097,
          0.29181827198070126,
          0.24935015275555136
        ],
        [
          0.2923177456484982,
          0.17585275919238164,
          0.3076887748131408,
          0.22414072034597934
        ],
        [
          0.2872339161394453,
          0.16786952087032259,
          0.2704337306168389,
          0.27446283237339325
        ],
        [
          0.2926389795385506,
          0.17510657896542559,
          0.30722768992051536,
          0.22502675157550847
        ],
        [
          0.29419866325571536,
          0.16255919465118585,
          0.28534310674817814,
          0.25789903534492065
        ],
        [
          0.2921237946895255,
          0.16343183195006622,
          0.27959341149440053,
          0.26485096186600765
        ],
        [
          0.24324285219934905,
          0.2755611173746317,
          0.2512611319298624,
          0.22993489849615695
        ],
        [
          0.28412779974680674,
          0.1926062467968965,
          0.31346163526895143,
          0.2098043181873453
        ],
        [
          0.2880056523629211,
          0.1850089168620271,
          0.31170678918393196,
          0.21527864159111998
        ],
        [
          0.2813834143506468,
          0.17543670443886158,
          0.2626096000777999,
          0.2805702811326917
        ],
        [
          0.22429463619308812,
          0.3133535049207596,
          0.2807331634788946,
          0.18161869540725775
        ],
        [
          0.14809734551801929,
          0.5457848801090477,
          0.15918323712891178,
          0.14693453724402136
        ],
        [
          0.29293642278595944,
          0.1744015732562325,
          0.306767272284047,
          0.22589473167376115
        ],
        [
          0.2957347411028153,
          0.1655124791120963,
          0.2973689627389511,
          0.2413838170461374
        ],
        [
          0.1554063614631082,
          0.5199584444102519,
          0.17162697731035031,
          0.1530082168162896
        ],
        [
          0.2636659221280237,
          0.23106417038593902,
          0.31136590085452653,
          0.19390400663151086
        ],
        [
          0.2952186141669531,
          0.16282478374136503,
          0.28962219066547135,
          0.2523344114262106
        ],
        [
          0.2872288960634632,
          0.16787510069416206,
          0.2704259178786798,
          0.2744700853636949
        ],
        [
          0.29578850189948314,
          0.16469319258779871,
          0.2957644533719969,
          0.24375385214072132
        ],
        [
          0.28505028542920285,
          0.19082771979284427,
          0.31314759118301727,
          0.21097440359493555
        ],
        [
          0.14982777849190573,
          0.5396833132622744,
          0.16206195015203015,
          0.14842695809378978
        ],
        [
          0.2953772409911254,
          0.16742484058028598,
          0.3002842095716305,
          0.23691370885695806
        ],
        [
          0.29530397806142905,
          0.16290601719128864,
          0.2901076345611659,
          0.25168237018611644
        ],
        [
          0.16963983533151272,
          0.47031442355412517,
          0.19716342968666814,
          0.16288231142769397
        ],
        [
          0.2906106311853815,
          0.16455505779609214,
          0.27634095750291354,
          0.26849335351561276
        ],
        [
          0.2872827963667534,
          0.16781528080931749,
          0.2705099263608939,
          0.2743919964630352
        ],
        [
          0.2929323316552605,
          0.16297006932193164,
          0.2815903450542643,
          0.2625072539685435
        ],
        [
          0.28833616946696333,
          0.18434266926847226,
          0.31149576587230576,
          0.21582539539225867
        ],
        [
          0.2887033078040972,
          0.16631369848410998,
          0.2728299828268936,
          0.2721530108848992
        ],
        [
          0.2930275337029357,
          0.16292397939093978,
          0.2818416534311642,
          0.2622068334749604
        ],
        [
          0.29465124457458935,
          0.16256805722238374,
          0.2870085035632443,
          0.25577219463978257
        ],
        [
          0.2807043137246056,
          0.17644470438641868,
          0.26183620230327054,
          0.2810147795857053
        ],
        [
          0.2861452937347661,
          0.16911894927605856,
          0.26879197801420107,
          0.2759437789749742
        ],
        [
          0.2932026698921038,
          0.1737571376784072,
          0.30632371829514915,
          0.22671647413433993
        ],
        [
          0.27655114838642975,
          0.18318745275020334,
          0.257587252800486,
          0.282674146062881
        ],
        [
          0.2943631270030032,
          0.16254885075991882,
          0.2859195921544113,
          0.2571684300826667
        ],
        [
          0.2668691081841003,
          0.20319128562099792,
          0.2505611727321945,
          0.2793784334627072
        ],
        [
          0.15523520420393092,
          0.520563675021746,
          0.17132790619590088,
          0.15287321457842215
        ],
        [
          0.2481563859629642,
          0.26143867405119103,
          0.30268320363235773,
          0.18772173635348696
        ],
        [
          0.2944957061876597,
          0.16255115871611353,
          0.286406794921878,
          0.25654634017434896
        ],
        [
          0.28983228380139936,
          0.16523297034861212,
          0.2748436111422792,
          0.2700911347077093
        ],
        [
          0.1561123324330312,
          0.5174627230211779,
          0.17286377131136832,
          0.1535611732344226
        ],
        [
          0.29282978595787085,
          0.1630218595063042,
          0.2813238918083258,
          0.26282446272749915
        ],
        [
          0.2679499627973048,
          0.2229706073903049,
          0.312855884990624,
          0.19622354482176638
        ],
        [
          0.1852261746459047,
          0.41933681499531034,
          0.22477044679037156,
          0.17066656356841342
        ],
        [
          0.2954824952285581,
          0.16314582195918487,
          0.2912750904177872,
          0.25009659239446974
        ],
        [
          0.2893778855275652,
          0.16565492702506796,
          0.27401260973013636,
          0.2709545777172304
        ],
        [
          0.29049666306838207,
          0.16465054830503228,
          0.27611534432931367,
          0.2687374442972719
        ],
        [
          0.2952329832316199,
          0.1628373083432423,
          0.2897014068559504,
          0.25222830156918735
        ],
        [
          0.2937976049678131,
          0.1626343481115841,
          0.2840417797704386,
          0.25952626715016425
        ],
        [
          0.2957074923861109,
          0.16375659703603135,
          0.29342093984456846,
          0.24711497073328928
        ],
        [
          0.29358611169682763,
          0.17280241937121088,
          0.30562307462542354,
          0.22798839430653797
        ],
        [
          0.29246998165991295,
          0.16321983713204322,
          0.2804208139265372,
          0.2638893672815067
        ],
        [
          0.15333960328129695,
          0.5272690026444257,
          0.16803750825462085,
          0.1513538858196567
        ],
        [
          0.29543860342684847,
          0.1671677319679854,
          0.299940012035321,
          0.2374536525698451
        ],
        [
          0.2954571987428224,
          0.1670868627475789,
          0.2998292092317524,
          0.2376267292778464
        ],
        [
          0.2914710445410001,
          0.1638807506339836,
          0.27812580643004475,
          0.26652239839497166
        ],
        [
          0.28779060792227457,
          0.16726163138419636,
          0.2713151453076785,
          0.27363261538585054
        ],
        [
          0.29444326437497065,
          0.17050490236463958,
          0.3036840071439335,
          0.23136782611645634
        ],
        [
          0.2955769141512848,
          0.16333430165272117,
          0.2920271484305338,
          0.24906163576546028
        ],
        [
          0.2877299287174864,
          0.18556183064743406,
          0.31187407310992393,
          0.21483416752515547
        ],
        [
          0.15012220668066067,
          0.5386437870622628,
          0.16255630675006363,
          0.14867769950701296
        ],
        [
          0.29147415227571305,
          0.16387847570880634,
          0.27813254006725313,
          0.26651483194822745
        ],
        [
          0.288368084033256,
          0.16665457707661446,
          0.2722628925692859,
          0.27271444632084374
        ],
        [
          0.2867901790754015,
          0.1874288279328341,
          0.3123891587042326,
          0.21339183428753175
        ],
        [
          0.2353558717052564,
          0.2939138539222651,
          0.23537519863226736,
          0.2353550757402112
        ],
        [
          0.29407790171848736,
          0.16257495786389092,
          0.2849369604185107,
          0.2584101799991111
        ],
        [
          0.28641649475267095,
          0.16880040990070927,
          0.26919147301214563,
          0.27559162233447415
        ],
        [
          0.14802197299129732,
          0.5460502850792592,
          0.15905892090496443,
          0.14686882102447904
        ],
        [
          0.29056894342818973,
          0.16458982969408872,
          0.2762581624099194,
          0.2685830644678021
        ]
      ],
      "features_used": [
        29,
        16,
        76,
        2,
        45,
        26,
        46,
        20,
        12,
        4,
        21,
        13,
        25,
        48,
        7
      ]
    },
    {
      "method": "brb_mu",
      "sys_accuracy": 0.7875,
      "sys_macro_f1": 0.790803932909196,
      "mod_top1_accuracy": 0.0,
      "fit_time_sec": 0.0016176700592041016,
      "infer_ms_per_sample": 0.10619759559631348,
      "n_rules": 72,
      "n_params": 110,
      "n_features_used": 77,
      "confusion_matrix": [
        [
          15,
          5,
          0,
          0
        ],
        [
          0,
          20,
          0,
          0
        ],
        [
          0,
          2,
          14,
          4
        ],
        [
          0,
          5,
          1,
          14
        ]
      ],
      "sys_pred": [
        2,
        1,
        3,
        3,
        1,
        1,
        1,
        0,
        1,
        3,
        1,
        0,
        1,
        2,
        0,
        3,
        1,
        1,
        1,
        1,
        2,
        1,
        2,
        0,
        1,
        1,
        0,
        0,
        1,
        0,
        1,
        1,
        0,
        1,
        3,
        3,
        3,
        2,
        3,
        3,
        2,
        1,
        0,
        2,
        1,
        2,
        1,
        1,
        1,
        2,
        3,
        1,
        3,
        2,
        1,
        2,
        3,
        3,
        1,
        3,
        0,
        0,
        2,
        1,
        0,
        2,
        3,
        3,
        1,
        0,
        0,
        1,
        3,
        2,
        0,
        1,
        2,
        1,
        1,
        3
      ],
      "sys_proba": [
        [
          0.0,
          0.01653993712048456,
          0.9834600628795155,
          0.0
        ],
        [
          0.12350174480281192,
          0.6294947012898794,
          0.12350180910449671,
          0.12350174480281192
        ],
        [
          2.198443244920225e-09,
          0.0672846662889272,
          0.09926313182692087,
          0.8334521996857087
        ],
        [
          4.986307739171781e-06,
          0.03131502488881563,
          0.06454291997257894,
          0.9041370688308663
        ],
        [
          1.3397096949766587e-32,
          0.9999944794224227,
          5.520577577287118e-06,
          4.335965228750323e-226
        ],
        [
          0.12350174480281192,
          0.6294947655915641,
          0.12350174480281192,
          0.12350174480281192
        ],
        [
          0.0,
          1.0,
          6.092238540875676e-60,
          0.0
        ],
        [
          0.6972305716164525,
          0.28460131160497515,
          0.018165951874312084,
          2.164904260263541e-06
        ],
        [
          0.006627214725746573,
          0.9304737387293662,
          0.06289904654488714,
          1.799884464116247e-34
        ],
        [
          2.566857774698917e-05,
          0.014179667727336656,
          0.06829343338947635,
          0.9175012303054401
        ],
        [
          0.2379443124452567,
          0.3943356843863286,
          0.3671109593558217,
          0.0006090438125930152
        ],
        [
          0.5081518989541447,
          0.4876539129751253,
          0.00419418807072996,
          1.3335664260559787e-20
        ],
        [
          0.004422333746792655,
          0.631800126520519,
          0.10516757550907371,
          0.2586099642236146
        ],
        [
          0.24765821401920293,
          0.36440656753444206,
          0.38793521844635503,
          6.853247798983668e-48
        ],
        [
          0.7362481921364132,
          0.15759071849445666,
          0.1061610893671756,
          1.9545483477290522e-12
        ],
        [
          0.004746463357305244,
          0.26038025064930803,
          0.32828657233472003,
          0.4065867136586666
        ],
        [
          0.12350174480281192,
          0.6294947655915641,
          0.12350174480281192,
          0.12350174480281192
        ],
        [
          0.44522707622530855,
          0.5368265302409445,
          0.01794639353374667,
          2.571966284040017e-16
        ],
        [
          0.3057153522790766,
          0.6758769245044096,
